NFLX (7583.869824867004, -1.6565480900000003, 0.75, 24, 10, 14, 6) (80, 60, 8, 3.0, 8, 3.0)
CZR (7324.501810296009, -478.22711486500083, 0.75, 20, 8, 12, 5) (120, 80, 8, 3.0, 8, 5.0)
UAL (7066.8892743999995, -2.082938158, 0.7, 30, 11, 19, 8) (80, 60, 8, 2.0, 8, 3.0)
WBD (7019.893072194994, -5.227040000000001, 0.6785714285714286, 28, 11, 17, 9) (120, 60, 8, 2.0, 8, 3.0)
DOV (6281.482501983997, -3.22, 0.8666666666666667, 30, 17, 13, 3) (120, 60, 8, 3.0, 8, 5.0)
PLD (5926.668215075005, -1.657885679, 0.8461538461538461, 26, 15, 11, 2) (120, 80, 8, 3.0, 8, 3.0)
CBOE (5908.830365915994, -47.843579635000694, 0.9285714285714286, 28, 16, 12, 1) (120, 80, 8, 3.0, 8, 4.0)
MTD (5755.6891361440075, -1.665277799, 0.7272727272727273, 33, 23, 10, 9) (120, 80, 8, 2.0, 8, 5.0)
VRTX (5738.408292268006, -1.6590618229999998, 0.8518518518518519, 27, 15, 12, 3) (120, 60, 8, 3.0, 8, 3.0)
MOS (5671.307076626, -11.509540000000001, 0.9230769230769231, 13, 8, 5, 1) (60, 80, 10, 3.0, 8, 5.0)
ENPH (5322.491385163985, -1.65676106, 0.6875, 16, 8, 8, 5) (80, 60, 10, 3.0, 8, 5.0)
CMCSA (5276.0835329550055, -2.08268351, 0.875, 24, 9, 15, 1) (120, 80, 8, 3.0, 8, 5.0)
MSI (5275.265075484007, -562.6757599079991, 0.8181818181818182, 22, 9, 13, 2) (120, 80, 10, 3.0, 8, 4.0)
TRGP (5213.969537575007, -11.20798, 0.9285714285714286, 14, 9, 5, 1) (60, 60, 8, 3.0, 8, 5.0)
MKTX (5166.528070088001, -1.6469245940000001, 0.8333333333333334, 18, 5, 13, 3) (60, 80, 8, 2.0, 8, 3.0)
SPGI (5136.206055447, -1.8399999999999999, 0.9, 20, 12, 8, 1) (120, 80, 10, 3.0, 8, 4.0)
OXY (5092.999622455999, -13.193249999999999, 0.6190476190476191, 21, 12, 9, 8) (120, 60, 8, 2.0, 8, 4.0)
VRSN (4993.051549743001, -1.6591364769999999, 0.8333333333333334, 18, 11, 7, 3) (120, 80, 8, 2.0, 8, 3.0)
NVDA (4977.929759884, -465.6425976050005, 0.7222222222222222, 18, 11, 7, 5) (120, 80, 10, 3.0, 8, 5.0)
EW (4911.959930928994, -4.5600000000000005, 0.68, 25, 14, 11, 6) (120, 80, 10, 2.0, 8, 4.0)
PYPL (4899.828832479, -2.1, 0.631578947368421, 19, 10, 9, 7) (80, 80, 8, 2.0, 8, 5.0)
KHC (4850.70375334301, -9.47401, 0.8235294117647058, 17, 7, 10, 2) (120, 80, 10, 2.0, 8, 4.0)
AJG (4800.761664610002, -3.4, 1.0, 23, 16, 7, 0) (80, 80, 8, 3.0, 8, 3.0)
ICE (4652.801978754989, -1.658565122, 0.8620689655172413, 29, 17, 12, 3) (120, 80, 8, 3.0, 8, 4.0)
AMP (4614.495359110006, -455.6994552449987, 0.8823529411764706, 17, 12, 5, 2) (120, 80, 10, 3.0, 8, 5.0)
EL (4528.923437275005, -62.597765489998835, 0.8461538461538461, 26, 14, 12, 3) (120, 80, 8, 3.0, 8, 3.0)
BKR (4450.957233343999, -3.8218680099999993, 0.5714285714285714, 28, 13, 15, 12) (120, 80, 8, 2.0, 8, 5.0)
DHI (4440.298674357016, -4.62, 0.75, 20, 8, 12, 4) (120, 40, 8, 3.0, 8, 5.0)
HST (4430.518721524999, -5.088644128000002, 0.75, 16, 9, 7, 4) (120, 60, 10, 2.0, 8, 4.0)
PEAK (4344.414059057004, -11.10746, 0.8636363636363636, 22, 16, 6, 3) (120, 80, 8, 3.0, 8, 5.0)
STLD (4314.139438489004, -7.91595, 0.7619047619047619, 21, 16, 5, 5) (120, 80, 8, 3.0, 8, 4.0)
EXPE (4310.166516933002, -1.6596313460000003, 0.7692307692307693, 13, 6, 7, 3) (60, 80, 8, 3.0, 8, 3.0)
DHR (4307.69160142899, -71.75809914300231, 0.782608695652174, 23, 10, 13, 3) (120, 80, 8, 3.0, 8, 5.0)
F (4270.181933058006, -29.32671, 0.6923076923076923, 13, 5, 8, 3) (120, 40, 10, 3.0, 8, 5.0)
ANET (4257.784681356001, -4.220000000000001, 0.8, 15, 9, 6, 3) (60, 80, 8, 2.0, 8, 5.0)
DVA (4245.379279024997, -3.7600000000000002, 0.8095238095238095, 21, 14, 7, 3) (120, 80, 10, 3.0, 8, 4.0)
IDXX (4238.083588870994, -1.66149449, 0.76, 25, 14, 11, 5) (80, 80, 8, 3.0, 8, 3.0)
IP (4156.427781913999, -459.56120008099964, 0.8076923076923077, 26, 16, 10, 2) (120, 60, 8, 3.0, 8, 4.0)
NUE (4141.194060510003, -4.88, 0.8888888888888888, 9, 5, 4, 1) (60, 60, 10, 2.0, 8, 5.0)
T (4140.261235257969, -16.8371, 0.8260869565217391, 23, 11, 12, 3) (120, 80, 8, 2.0, 8, 4.0)
SIVB (4116.198196785005, -648.4869541229998, 0.5238095238095238, 21, 8, 13, 10) (120, 80, 8, 2.0, 8, 5.0)
DXC (4076.3070562929984, -9.64992, 0.7419354838709677, 31, 17, 14, 7) (80, 80, 8, 3.0, 8, 5.0)
REG (4065.3663230380043, -1.8366496099999998, 0.9473684210526315, 19, 11, 8, 1) (120, 60, 8, 3.0, 8, 5.0)
APH (4064.196599940002, -5.578860000000001, 1.0, 15, 8, 7, 0) (120, 60, 10, 3.0, 8, 4.0)
COF (4045.694787727007, -2.94, 0.8235294117647058, 17, 10, 7, 3) (120, 80, 10, 3.0, 8, 5.0)
BIIB (3997.6246742430017, -1.74, 0.7727272727272727, 22, 11, 11, 3) (80, 80, 8, 3.0, 8, 3.0)
MRNA (3963.9125862490046, -1025.9897897729934, 0.6, 15, 10, 5, 6) (120, 60, 10, 3.0, 8, 5.0)
MPWR (3952.464913381993, -1.8, 0.8, 10, 4, 6, 2) (60, 40, 8, 2.0, 8, 5.0)
EQIX (3882.544451782996, -61.84656756300044, 0.8, 20, 14, 6, 2) (80, 80, 10, 3.0, 8, 5.0)
MCO (3875.070726199001, -1.82, 0.8181818181818182, 22, 12, 10, 3) (120, 80, 8, 3.0, 8, 5.0)
PHM (3812.9119901449935, -7.7903, 0.6666666666666666, 18, 10, 8, 3) (120, 80, 10, 3.0, 8, 5.0)
HES (3793.8050636529906, -4.66, 0.7857142857142857, 14, 9, 5, 2) (80, 40, 8, 3.0, 8, 5.0)
EQT (3775.5032962820064, -506.1167762979994, 0.7222222222222222, 18, 9, 9, 5) (120, 60, 8, 3.0, 8, 3.0)
MDT (3765.5080609360107, -149.7463271409987, 0.9411764705882353, 17, 8, 9, 0) (120, 60, 8, 3.0, 8, 3.0)
DXCM (3756.527609813504, -3.32, 0.9090909090909091, 11, 8, 3, 1) (60, 40, 8, 3.0, 8, 3.0)
FANG (3741.486165247998, -1276.8807271270011, 0.7058823529411765, 17, 9, 8, 5) (120, 60, 8, 3.0, 8, 5.0)
EBAY (3729.2692271629944, -81.7622714540009, 0.7368421052631579, 19, 7, 12, 3) (120, 60, 8, 3.0, 8, 3.0)
FFIV (3720.122624552003, -52.75965798200066, 0.6111111111111112, 18, 9, 9, 1) (60, 60, 8, 3.0, 8, 4.0)
VTR (3717.5167050499977, -6.709709999999999, 0.7272727272727273, 22, 10, 12, 4) (120, 80, 8, 3.0, 8, 5.0)
VTRS (3682.776838067, -487.45640314000065, 0.625, 24, 13, 11, 8) (60, 80, 8, 3.0, 8, 5.0)
LNT (3666.9046362729955, -7.2877, 0.8571428571428571, 21, 10, 11, 0) (120, 80, 8, 3.0, 8, 3.0)
CHRW (3649.9899056169916, -135.90579813000068, 0.64, 25, 11, 14, 4) (120, 80, 8, 3.0, 8, 5.0)
GWW (3648.641119298992, -1.76, 0.8421052631578947, 19, 15, 4, 2) (120, 60, 8, 3.0, 8, 5.0)
ALL (3616.9677157769943, -3.6, 0.8235294117647058, 17, 10, 7, 1) (80, 80, 10, 3.0, 8, 5.0)
AMT (3575.4845270360024, -93.27794544800219, 0.7647058823529411, 17, 9, 8, 2) (120, 80, 10, 3.0, 8, 4.0)
ADSK (3573.2409168109966, -940.1057129789951, 0.6818181818181818, 22, 5, 17, 7) (120, 80, 10, 3.0, 8, 4.0)
NRG (3568.7039405500045, -9.09706, 0.8181818181818182, 11, 7, 4, 1) (60, 60, 10, 3.0, 8, 3.0)
NDAQ (3539.8418455447795, -7.84056, 0.7894736842105263, 19, 12, 7, 2) (120, 80, 10, 3.0, 8, 5.0)
HRL (3537.0550614340063, -8.0416, 0.8260869565217391, 23, 13, 10, 2) (120, 80, 8, 2.0, 8, 4.0)
NI (3523.2673455329996, -15.98268, 0.8, 25, 14, 11, 4) (80, 80, 8, 2.0, 8, 4.0)
LYV (3519.7748213280074, -4.54, 0.8571428571428571, 14, 8, 6, 1) (60, 60, 8, 3.0, 8, 4.0)
SBUX (3499.0335353379883, -81.97405110999985, 0.8421052631578947, 19, 9, 10, 0) (120, 60, 8, 3.0, 8, 4.0)
MRK (3495.1667985822014, -6.83102889388, 0.68, 25, 16, 9, 3) (120, 80, 8, 3.0, 8, 3.0)
UPS (3489.459656777987, -318.06432355599935, 0.72, 25, 14, 11, 6) (120, 80, 8, 2.0, 8, 3.0)
EA (3482.688706171997, -178.61830275999935, 0.6896551724137931, 29, 16, 13, 7) (120, 80, 8, 3.0, 8, 4.0)
HAL (3482.505718051001, -518.3569770959991, 0.7272727272727273, 11, 8, 3, 2) (60, 60, 10, 3.0, 8, 5.0)
BBWI (3473.3422705349967, -5.9558100000000005, 0.8333333333333334, 12, 6, 6, 2) (80, 80, 10, 3.0, 8, 3.0)
ALB (3449.2582442569924, -227.96231434600057, 0.65, 20, 14, 6, 6) (80, 80, 10, 3.0, 8, 4.0)
ROL (3443.370612189, -11.434149999999999, 0.68, 25, 16, 9, 7) (120, 60, 8, 2.0, 8, 3.0)
JKHY (3423.003409105991, -337.22360063900146, 0.8333333333333334, 18, 6, 12, 3) (120, 40, 8, 2.0, 8, 3.0)
CF (3373.2905227010046, -65.72159191699855, 0.7777777777777778, 9, 6, 3, 1) (60, 40, 8, 3.0, 8, 5.0)
WTW (3371.9374138670023, -2.24, 0.7619047619047619, 21, 12, 9, 4) (120, 80, 8, 2.0, 8, 5.0)
STX (3366.06888849301, -1180.3293163919948, 0.5, 28, 11, 17, 13) (120, 60, 8, 2.0, 8, 5.0)
AAL (3352.406423696001, -101.18160234099992, 0.5925925925925926, 27, 12, 15, 11) (60, 80, 8, 2.0, 8, 4.0)
INTU (3344.3052448629924, -1.72, 0.6190476190476191, 21, 9, 12, 7) (80, 60, 8, 2.0, 8, 5.0)
QRVO (3340.9378067539947, -1063.8359080499995, 0.75, 16, 4, 12, 4) (60, 80, 8, 2.0, 8, 4.0)
FOXA (3326.8397524909983, -9.02167, 0.7727272727272727, 22, 11, 11, 3) (60, 80, 8, 3.0, 8, 3.0)
A (3298.8387065799975, -3.32, 0.75, 20, 11, 9, 5) (120, 80, 10, 3.0, 8, 5.0)
PWR (3282.170574871993, -4.32, 0.6, 25, 15, 10, 10) (120, 80, 8, 2.0, 8, 4.0)
SCHW (3263.3461760859927, -5.754770000000001, 0.7647058823529411, 17, 9, 8, 2) (120, 40, 8, 3.0, 8, 5.0)
KIM (3255.1250147379956, -537.3391609150028, 0.7391304347826086, 23, 14, 9, 5) (120, 80, 8, 3.0, 8, 4.0)
GLW (3253.098974362, -92.55986902900032, 0.8421052631578947, 19, 10, 9, 2) (120, 60, 8, 3.0, 8, 4.0)
VMC (3251.4889751369997, -2.8, 0.5833333333333334, 24, 12, 12, 9) (120, 80, 10, 2.0, 8, 5.0)
BWA (3223.6735196199993, -265.85469367200125, 0.8333333333333334, 18, 10, 8, 3) (120, 40, 8, 3.0, 8, 4.0)
FOX (3207.6536920420103, -2.714056856000001, 0.875, 16, 8, 8, 1) (80, 40, 8, 3.0, 8, 3.0)
SNPS (3198.0602396740082, -2.1799999999999997, 0.75, 20, 10, 10, 4) (80, 80, 10, 3.0, 8, 4.0)
PM (3196.0914826600024, -4.16, 0.7857142857142857, 28, 15, 13, 3) (120, 80, 8, 3.0, 8, 3.0)
ALGN (3190.279515373995, -1.6581717, 0.6875, 16, 11, 5, 4) (120, 60, 10, 3.0, 8, 5.0)
AEE (3183.075978989983, -4.58, 0.75, 24, 16, 8, 1) (120, 80, 8, 3.0, 8, 3.0)
STT (3171.334650855997, -4.84, 0.9285714285714286, 14, 11, 3, 1) (80, 80, 10, 3.0, 8, 5.0)
REGN (3157.5753667750005, -145.7156152159998, 0.7619047619047619, 21, 16, 5, 5) (120, 60, 8, 2.0, 8, 3.0)
HSIC (3145.654535941994, -4.859999999999999, 0.9, 10, 7, 3, 0) (60, 60, 10, 3.0, 8, 3.0)
CMA (3144.395470875006, -1.704185152, 0.5714285714285714, 21, 8, 13, 9) (120, 80, 8, 2.0, 8, 5.0)
LDOS (3140.452759657997, -37.29207854000071, 0.8666666666666667, 15, 8, 7, 1) (120, 60, 10, 3.0, 8, 4.0)
BRO (3076.764547887008, -55.55010198599833, 0.7307692307692307, 26, 17, 9, 5) (80, 80, 8, 2.0, 8, 5.0)
LUV (3071.66862693901, -261.60317269599926, 0.7391304347826086, 23, 7, 16, 4) (80, 80, 10, 3.0, 8, 5.0)
EMR (3061.5346229100014, -1.6578233909999995, 0.9166666666666666, 12, 5, 7, 1) (120, 40, 8, 2.0, 8, 3.0)
UDR (3060.4575628600032, -8.89602, 0.8666666666666667, 15, 8, 7, 2) (80, 60, 10, 2.0, 8, 4.0)
HOLX (3053.76648006199, -6.05633, 0.7777777777777778, 27, 15, 12, 2) (60, 80, 8, 3.0, 8, 3.0)
NEE (3049.4024613890047, -246.18023488400001, 0.7391304347826086, 23, 13, 10, 2) (80, 60, 8, 3.0, 8, 5.0)
SWKS (3049.0474904159914, -1021.7393814870015, 0.8125, 16, 6, 10, 3) (60, 80, 8, 3.0, 8, 5.0)
JBHT (3044.850709542003, -372.29850866699803, 0.7777777777777778, 18, 8, 10, 1) (80, 60, 8, 3.0, 8, 3.0)
MU (3043.987160657997, -517.4158916119999, 0.6818181818181818, 22, 6, 16, 7) (120, 80, 8, 3.0, 8, 5.0)
LKQ (3037.6308988029937, -8.870890000000001, 0.6363636363636364, 22, 14, 8, 8) (120, 60, 8, 2.0, 8, 5.0)
BAC (3023.700116780995, -2.64233899, 0.8461538461538461, 13, 6, 7, 0) (60, 80, 10, 3.0, 8, 3.0)
AEP (3016.107087915994, -4.720000000000001, 0.8571428571428571, 21, 13, 8, 0) (80, 80, 8, 3.0, 8, 3.0)
AVY (2984.4647537459987, -1.65758546, 0.7647058823529411, 17, 10, 7, 4) (120, 80, 10, 2.0, 8, 5.0)
AOS (2975.177640992014, -5.90555, 0.7222222222222222, 18, 7, 11, 5) (120, 60, 8, 2.0, 8, 3.0)
AES (2965.6456795379963, -69.15266012000252, 0.8235294117647058, 17, 7, 10, 3) (80, 40, 8, 3.0, 8, 3.0)
FTNT (2964.4799446779975, -8.7955, 0.8181818181818182, 11, 7, 4, 2) (60, 80, 10, 3.0, 8, 5.0)
LUMN (2932.4146298609944, -38.23691415099938, 0.65, 20, 6, 14, 7) (60, 80, 10, 2.0, 8, 3.0)
XOM (2930.3348460719967, -219.03552222799922, 0.8, 20, 15, 5, 2) (60, 60, 8, 3.0, 8, 3.0)
JCI (2929.64948158499, -207.96232417800087, 0.7368421052631579, 19, 12, 7, 4) (120, 60, 8, 2.0, 8, 5.0)
PAYC (2911.5070294510024, -1251.128524483998, 0.6666666666666666, 18, 9, 9, 5) (60, 80, 8, 3.0, 8, 5.0)
TXT (2906.810058782999, -5.62912, 0.8666666666666667, 15, 11, 4, 2) (120, 40, 8, 3.0, 8, 4.0)
APA (2900.243579122997, -1207.9551866739994, 0.6666666666666666, 18, 10, 8, 6) (80, 40, 8, 2.0, 8, 3.0)
CARR (2885.7759785779954, -9.72531, 0.7727272727272727, 22, 13, 9, 2) (60, 80, 8, 3.0, 8, 4.0)
WDC (2884.3813679650057, -658.6397063429945, 0.5909090909090909, 22, 9, 13, 9) (120, 60, 8, 2.0, 8, 3.0)
DOW (2881.391427033005, -917.3726223049947, 0.7, 20, 14, 6, 6) (120, 60, 8, 2.0, 8, 3.0)
MSFT (2872.954875012012, -1.6589745739999997, 0.7391304347826086, 23, 11, 12, 3) (120, 80, 8, 3.0, 8, 5.0)
SO (2869.4541751989955, -6.25737, 0.875, 16, 9, 7, 1) (80, 60, 10, 3.0, 8, 3.0)
CBRE (2864.0286796259998, -527.1625213559987, 0.8666666666666667, 15, 8, 7, 2) (80, 60, 10, 3.0, 8, 3.0)
IPG (2859.500229820005, -12.91682, 0.6666666666666666, 33, 16, 17, 10) (120, 80, 8, 2.0, 8, 3.0)
IRM (2849.305481160994, -10.3033, 0.7222222222222222, 18, 12, 6, 5) (80, 60, 8, 2.0, 8, 5.0)
DGX (2845.2936563140056, -3.2600000000000002, 0.7777777777777778, 18, 9, 9, 3) (60, 80, 10, 2.0, 8, 5.0)
DLR (2838.744894797001, -3.16, 1.0, 11, 6, 5, 0) (60, 40, 8, 2.0, 8, 3.0)
PFE (2829.714372193999, -10.604859999999999, 0.75, 16, 10, 6, 2) (120, 80, 10, 3.0, 8, 4.0)
DE (2826.1338639770015, -1545.2187233280017, 0.6956521739130435, 23, 13, 10, 6) (120, 60, 8, 3.0, 8, 5.0)
MMM (2813.8343635859987, -92.99788594399666, 0.8823529411764706, 17, 6, 11, 1) (60, 80, 8, 3.0, 8, 4.0)
XRAY (2805.0921976390055, -345.40377836199866, 0.5789473684210527, 19, 9, 10, 8) (120, 80, 8, 2.0, 8, 5.0)
SWK (2804.147055505003, -2.58, 0.8571428571428571, 14, 5, 9, 2) (60, 80, 10, 3.0, 8, 5.0)
ED (2784.848248671999, -126.83746752000162, 0.85, 20, 11, 9, 2) (120, 60, 8, 3.0, 8, 5.0)
MTB (2770.5745962299948, -141.7506417809997, 0.8125, 16, 11, 5, 3) (80, 80, 8, 2.0, 8, 3.0)
HWM (2768.326117651001, -432.6541172189981, 0.6363636363636364, 22, 17, 5, 6) (60, 60, 8, 2.0, 8, 3.0)
DVN (2752.6344780200097, -12.489609999999999, 0.75, 12, 6, 6, 3) (120, 60, 10, 3.0, 8, 3.0)
IR (2735.1756048470015, -7.38822, 0.8, 20, 11, 9, 1) (80, 80, 8, 3.0, 8, 3.0)
AON (2731.640922783999, -6.062344996001528, 0.75, 12, 8, 4, 0) (80, 60, 10, 3.0, 8, 5.0)
BK (2722.655180139003, -8.36829, 0.7222222222222222, 18, 12, 6, 2) (80, 80, 8, 3.0, 8, 4.0)
COP (2709.8714533910006, -6.5086699999999995, 0.8333333333333334, 12, 10, 2, 2) (60, 40, 8, 3.0, 8, 5.0)
INTC (2696.3552073870046, -575.7024069019943, 0.5806451612903226, 31, 9, 22, 13) (120, 80, 8, 2.0, 8, 4.0)
ETSY (2692.1532058290027, -714.8667825940012, 0.4838709677419355, 31, 17, 14, 16) (120, 80, 10, 2.0, 8, 3.0)
CINF (2691.455101320002, -3.82, 0.75, 16, 12, 4, 0) (60, 80, 8, 3.0, 8, 5.0)
OKE (2685.617355858001, -465.0526433339989, 0.75, 12, 7, 5, 3) (120, 40, 10, 3.0, 8, 4.0)
PPL (2682.5060583999957, -3.523960465, 0.8571428571428571, 7, 2, 5, 0) (60, 60, 10, 3.0, 8, 3.0)
MCHP (2670.9287396779996, -1193.8909457260002, 0.625, 16, 9, 7, 6) (120, 80, 10, 2.0, 8, 4.0)
CPT (2664.531938851025, -1.6576956089999997, 0.7142857142857143, 21, 15, 6, 5) (120, 60, 8, 2.0, 8, 3.0)
ORCL (2636.819082838995, -5.67938, 0.7307692307692307, 26, 13, 13, 3) (60, 80, 8, 3.0, 8, 3.0)
ADBE (2633.2101189780005, -1.650317, 0.8571428571428571, 14, 8, 6, 2) (120, 60, 10, 3.0, 8, 3.0)
BIO (2630.548586863008, -1.661360525, 0.75, 16, 6, 10, 4) (80, 40, 8, 2.0, 8, 5.0)
PG (2623.312354413002, -3.34, 0.85, 20, 13, 7, 2) (120, 40, 8, 2.0, 8, 3.0)
WAT (2619.4521399240007, -35.47378517699855, 0.7894736842105263, 19, 11, 8, 3) (120, 60, 10, 3.0, 8, 4.0)
ACN (2618.196811637, -2.08, 0.782608695652174, 23, 12, 11, 4) (80, 80, 8, 2.0, 8, 3.0)
TFC (2614.8615307220016, -337.1385950159988, 0.6875, 16, 5, 11, 4) (120, 60, 8, 2.0, 8, 5.0)
TROW (2607.6094726840065, -124.44987540299803, 0.6428571428571429, 14, 9, 5, 1) (80, 80, 10, 3.0, 8, 5.0)
EFX (2580.5674132440035, -2.76, 0.8, 20, 15, 5, 4) (120, 80, 10, 3.0, 8, 4.0)
AVB (2575.8671556619997, -2.66, 0.9285714285714286, 14, 9, 5, 1) (80, 60, 8, 3.0, 8, 4.0)
CLX (2570.2252083249987, -2.58, 0.7407407407407407, 27, 18, 9, 4) (120, 80, 10, 3.0, 8, 3.0)
RF (2568.2970500430038, -4.2215752, 0.7692307692307693, 13, 5, 8, 3) (120, 40, 8, 3.0, 8, 4.0)
PTC (2563.7692829949974, -1678.1752443880018, 0.5862068965517241, 29, 13, 16, 12) (60, 80, 8, 2.0, 8, 5.0)
CTVA (2563.2917290959963, -32.937383783001685, 0.6842105263157895, 19, 10, 9, 6) (120, 80, 8, 2.0, 8, 5.0)
ANSS (2561.2054362300014, -119.59655496000036, 0.8125, 16, 9, 7, 2) (120, 60, 10, 3.0, 8, 3.0)
DTE (2552.137929078447, -330.88765093235816, 0.8125, 16, 6, 10, 1) (60, 80, 8, 2.0, 8, 3.0)
ZBRA (2551.9562447610015, -1.6508185100000001, 0.7619047619047619, 21, 12, 9, 5) (120, 60, 8, 3.0, 8, 3.0)
PNR (2548.577393485, -82.640723745, 0.875, 8, 2, 6, 0) (80, 40, 8, 3.0, 8, 4.0)
WY (2546.5890810109954, -589.9753646249985, 0.631578947368421, 19, 6, 13, 7) (120, 40, 8, 2.0, 8, 5.0)
SBNY (2543.327104719004, -2.24, 0.7777777777777778, 9, 8, 1, 2) (80, 60, 10, 3.0, 8, 4.0)
MA (2532.8702344920057, -1.8, 0.75, 24, 13, 11, 4) (120, 80, 8, 3.0, 8, 4.0)
SYY (2530.197500411003, -1.656719382, 0.6785714285714286, 28, 13, 15, 6) (120, 60, 8, 3.0, 8, 3.0)
MSCI (2526.518078787995, -46.005698966000296, 0.7, 10, 8, 2, 1) (120, 60, 10, 3.0, 8, 4.0)
EPAM (2525.3147181419995, -606.3845561789981, 0.5625, 16, 8, 8, 6) (80, 80, 10, 2.0, 8, 5.0)
TPR (2523.155436367998, -8.51907, 0.75, 8, 5, 3, 2) (120, 40, 10, 2.0, 8, 5.0)
TRV (2520.744277511998, -71.62563052299949, 0.8, 25, 15, 10, 2) (120, 80, 8, 3.0, 8, 3.0)
STZ (2513.450515091998, -2.26, 0.8571428571428571, 14, 6, 8, 1) (60, 60, 8, 2.0, 8, 3.0)
FAST (2511.504126346995, -7.91595, 0.9230769230769231, 13, 8, 5, 1) (120, 40, 8, 3.0, 8, 4.0)
CMS (2509.4223772810024, -6.60919, 0.8095238095238095, 21, 12, 9, 0) (80, 80, 8, 3.0, 8, 3.0)
TSLA (2502.3686737153066, -622.7157551329511, 0.6153846153846154, 13, 7, 6, 5) (60, 60, 10, 2.0, 8, 5.0)
SYK (2497.3058878219945, -2.16, 0.6842105263157895, 19, 8, 11, 6) (120, 60, 8, 2.0, 8, 3.0)
ESS (2494.0630161010026, -2.14, 0.9166666666666666, 12, 8, 4, 0) (60, 60, 8, 3.0, 8, 3.0)
FRT (2489.6858746659946, -315.5638392210007, 0.5909090909090909, 22, 11, 11, 8) (120, 80, 10, 2.0, 8, 4.0)
LNC (2489.4681442090064, -226.64510811699526, 0.5555555555555556, 18, 11, 7, 8) (120, 80, 10, 2.0, 8, 5.0)
OTIS (2488.0772605389934, -5.65425, 0.8571428571428571, 14, 8, 6, 1) (80, 80, 10, 2.0, 8, 3.0)
CRM (2480.109036165997, -533.6529056600004, 0.625, 16, 5, 11, 6) (120, 40, 10, 2.0, 8, 5.0)
ILMN (2477.367139002, -1.657724692, 0.6111111111111112, 18, 4, 14, 6) (80, 60, 8, 2.0, 8, 4.0)
BA (2467.006813337004, -757.4960510910004, 0.6818181818181818, 22, 10, 12, 7) (120, 60, 8, 3.0, 8, 5.0)
ROK (2460.8432583109998, -467.0087395919997, 0.7857142857142857, 14, 10, 4, 3) (120, 80, 10, 3.0, 8, 5.0)
MOH (2457.5053990750025, -339.2817326499982, 0.75, 12, 7, 5, 3) (120, 80, 10, 2.0, 8, 5.0)
ABBV (2427.030216155002, -1.6570001359999997, 0.8, 15, 9, 6, 2) (120, 60, 10, 2.0, 8, 3.0)
LEN (2419.692716764995, -4.42, 0.64, 25, 12, 13, 8) (60, 80, 8, 2.0, 8, 4.0)
RHI (2403.830184996, -1.6571412000000003, 0.6785714285714286, 28, 13, 15, 7) (120, 80, 8, 3.0, 8, 5.0)
SBAC (2398.8347223879978, -302.8311011040002, 0.8181818181818182, 11, 7, 4, 1) (120, 40, 8, 2.0, 8, 3.0)
TDG (2398.5768778880006, -1.669069352, 0.7692307692307693, 13, 7, 6, 2) (120, 80, 8, 3.0, 8, 3.0)
PNW (2394.8475776779997, -390.1228473569972, 0.7727272727272727, 22, 12, 10, 3) (80, 80, 8, 2.0, 8, 3.0)
ZTS (2390.382204296997, -2.9000000000000004, 0.8125, 16, 7, 9, 2) (80, 80, 10, 3.0, 8, 4.0)
PARA (2369.0682290710065, -1633.680009607998, 0.5625, 32, 14, 18, 12) (80, 80, 8, 3.0, 8, 4.0)
GEN (2355.8171216530072, -324.5026570889955, 0.6956521739130435, 23, 11, 12, 3) (80, 80, 8, 2.0, 8, 5.0)
KMB (2340.9118082999958, -3.2800000000000002, 0.875, 16, 10, 6, 1) (60, 80, 8, 2.0, 8, 3.0)
DPZ (2327.0249191350017, -298.1435321319993, 0.7647058823529411, 17, 5, 12, 4) (80, 80, 8, 2.0, 8, 3.0)
CME (2297.878553321, -55.86835467100175, 0.8333333333333334, 12, 5, 7, 0) (60, 60, 10, 3.0, 8, 5.0)
PXD (2291.3491105299963, -47.90156008400185, 0.8888888888888888, 9, 6, 3, 1) (80, 40, 8, 3.0, 8, 4.0)
PKG (2287.0445235240013, -62.59786461099884, 0.75, 12, 7, 5, 0) (120, 60, 8, 3.0, 8, 4.0)
HCA (2286.3538573520095, -97.96267917099999, 0.7142857142857143, 21, 11, 10, 6) (120, 60, 10, 2.0, 8, 3.0)
L (2284.6544211069995, -6.55893, 0.8125, 16, 11, 5, 3) (120, 80, 8, 2.0, 8, 3.0)
ROST (2276.2368917700032, -3.48, 0.6111111111111112, 18, 10, 8, 6) (120, 80, 10, 2.0, 8, 5.0)
MPC (2274.8669520420062, -131.78004771300138, 0.8461538461538461, 13, 6, 7, 2) (80, 80, 8, 2.0, 8, 5.0)
RMD (2271.6809883039996, -1207.9280452379985, 0.7083333333333334, 24, 16, 8, 5) (80, 60, 8, 3.0, 8, 4.0)
EIX (2269.723128698009, -6.3076300000000005, 0.7142857142857143, 14, 5, 9, 2) (120, 60, 8, 2.0, 8, 3.0)
TYL (2261.9028271000006, -1.6600000000000001, 0.6666666666666666, 18, 10, 8, 5) (60, 80, 8, 2.0, 8, 5.0)
CNP (2260.0512630170024, -15.60573, 0.9090909090909091, 11, 6, 5, 1) (120, 40, 8, 3.0, 8, 3.0)
WELL (2256.2317721979957, -5.026, 0.72, 25, 14, 11, 7) (80, 80, 8, 2.0, 8, 4.0)
HD (2254.725238165002, -862.0572644610027, 0.7058823529411765, 17, 8, 9, 2) (120, 60, 8, 3.0, 8, 4.0)
ALLE (2251.1377750299966, -3.16, 1.0, 9, 6, 3, 0) (120, 40, 8, 3.0, 8, 3.0)
ORLY (2244.381186725003, -1.65634886, 0.75, 24, 12, 12, 6) (120, 60, 10, 2.0, 8, 5.0)
MAS (2236.5048879820124, -6.634320000000001, 0.68, 25, 14, 11, 8) (120, 80, 8, 3.0, 8, 4.0)
GOOG (2223.556084867556, -136.15613370544958, 0.65, 20, 8, 12, 4) (60, 80, 8, 2.0, 8, 5.0)
FMC (2220.3283684909993, -323.45743523600066, 0.75, 16, 10, 6, 3) (60, 80, 8, 2.0, 8, 4.0)
K (2218.609704770994, -6.43328, 0.8571428571428571, 14, 9, 5, 0) (60, 80, 8, 3.0, 8, 3.0)
CDW (2207.5226165599984, -1.6584034479999996, 0.8181818181818182, 11, 4, 7, 1) (80, 60, 10, 3.0, 8, 3.0)
MAA (2201.698014730004, -3.04, 0.8571428571428571, 14, 12, 2, 2) (80, 60, 8, 3.0, 8, 3.0)
MHK (2193.032296775992, -748.758306339005, 0.7692307692307693, 13, 7, 6, 3) (60, 40, 8, 3.0, 8, 3.0)
WEC (2192.6209636400076, -4.12, 0.8421052631578947, 19, 12, 7, 1) (80, 80, 8, 3.0, 8, 4.0)
KEY (2186.1599006950014, -4.247477100000001, 0.5909090909090909, 22, 10, 12, 9) (120, 80, 8, 2.0, 8, 5.0)
LRCX (2176.733347139011, -705.3511107579972, 0.5294117647058824, 17, 7, 10, 8) (120, 80, 10, 2.0, 8, 4.0)
SJM (2171.2225851529943, -390.6432084260018, 0.8, 20, 12, 8, 3) (120, 60, 8, 3.0, 8, 4.0)
EQR (2171.083970820997, -4.66, 0.8181818181818182, 11, 8, 3, 2) (120, 40, 8, 2.0, 8, 4.0)
INVH (2169.6945646309987, -12.26344, 0.8666666666666667, 15, 10, 5, 2) (80, 80, 8, 3.0, 8, 4.0)
AAP (2161.658303911998, -2.42, 0.8333333333333334, 12, 9, 3, 2) (120, 40, 8, 3.0, 8, 4.0)
TSCO (2156.252655463003, -2.66, 0.6666666666666666, 15, 9, 6, 3) (60, 60, 10, 3.0, 8, 4.0)
MLM (2153.770272179002, -133.04203954599876, 0.7142857142857143, 14, 11, 3, 4) (80, 40, 8, 2.0, 8, 5.0)
AVGO (2152.499611189007, -1.647398624, 0.6842105263157895, 19, 12, 7, 5) (120, 80, 10, 2.0, 8, 5.0)
VLO (2144.3748265650042, -1.7447140239999999, 0.6, 20, 10, 10, 8) (60, 80, 8, 2.0, 8, 4.0)
HIG (2141.1986243220063, -22.835552522999002, 0.8125, 16, 10, 6, 1) (80, 60, 8, 3.0, 8, 3.0)
DLTR (2126.870480436999, -3.56, 0.7692307692307693, 13, 8, 5, 3) (80, 60, 10, 2.0, 8, 5.0)
MET (2125.298370645999, -5.830159999999999, 0.7272727272727273, 11, 6, 5, 1) (120, 40, 8, 3.0, 8, 4.0)
QCOM (2122.7211856919985, -1.65814193, 0.8, 10, 4, 6, 1) (80, 40, 8, 3.0, 8, 3.0)
SYF (2117.1155143030014, -612.1591873100003, 0.7272727272727273, 11, 5, 6, 3) (80, 40, 8, 3.0, 8, 4.0)
FLT (2114.8586730589977, -2.04, 0.875, 8, 2, 6, 1) (60, 60, 10, 2.0, 8, 5.0)
MNST (2111.9241320850037, -1.6578636950000005, 0.6538461538461539, 26, 13, 13, 7) (120, 60, 8, 2.0, 8, 4.0)
AMD (2106.0716325519898, -543.4923743459982, 0.4583333333333333, 24, 11, 13, 13) (120, 80, 8, 2.0, 8, 5.0)
IT (2105.329465139006, -2.6, 0.8125, 16, 12, 4, 1) (80, 80, 8, 3.0, 8, 4.0)
DUK (2103.9540876370047, -4.26, 0.7857142857142857, 14, 8, 6, 0) (60, 60, 8, 3.0, 8, 3.0)
MO (2103.4599422029887, -7.46361, 0.7619047619047619, 21, 13, 8, 1) (80, 80, 8, 3.0, 8, 3.0)
DFS (2101.696540882988, -4.0600000000000005, 0.6818181818181818, 22, 13, 9, 6) (120, 80, 8, 3.0, 8, 4.0)
GEHC (2094.7705420170014, -6.709709999999999, 1.0, 4, 3, 1, 0) (120, 80, 8, 3.0, 8, 5.0)
UNH (2092.7348172939955, -1.74, 0.8888888888888888, 9, 5, 4, 1) (120, 40, 10, 3.0, 8, 4.0)
RJF (2091.0206737338103, -6.5086699999999995, 0.75, 8, 4, 4, 0) (120, 40, 8, 3.0, 8, 5.0)
NXPI (2087.8759678599986, -118.02043415000233, 0.6842105263157895, 19, 7, 12, 5) (120, 80, 10, 3.0, 8, 3.0)
FE (2076.193443344009, -10.856160000000001, 0.7619047619047619, 21, 10, 11, 2) (80, 80, 8, 2.0, 8, 3.0)
EOG (2071.191365699997, -411.0105699460043, 0.7777777777777778, 9, 3, 6, 2) (120, 40, 8, 3.0, 8, 5.0)
NWL (2066.1824853109983, -246.15513842600083, 0.7, 20, 10, 10, 6) (60, 60, 8, 2.0, 8, 4.0)
CL (2063.797743005006, -99.50674015099722, 0.7647058823529411, 17, 8, 9, 3) (120, 80, 10, 2.0, 8, 5.0)
ALK (2063.7436665889995, -333.15046987399523, 0.5333333333333333, 15, 8, 7, 7) (120, 80, 10, 2.0, 8, 5.0)
GPC (2053.277343880005, -17.187638000997957, 0.9230769230769231, 13, 7, 6, 1) (120, 80, 8, 3.0, 8, 3.0)
PCG (2051.9772610729988, -597.3411636959952, 0.7142857142857143, 28, 13, 15, 6) (80, 80, 8, 3.0, 8, 3.0)
CDNS (2038.533306273995, -1.658493216, 0.7, 20, 12, 8, 5) (120, 80, 8, 3.0, 8, 5.0)
FRC (2036.3728953610007, -1.6582140650000001, 0.75, 8, 5, 3, 1) (60, 60, 8, 3.0, 8, 5.0)
ECL (2029.1196365839955, -1.656496107, 0.8, 15, 8, 7, 2) (120, 60, 10, 3.0, 8, 4.0)
EXC (2026.326460654333, -11.83623, 0.6875, 16, 6, 10, 5) (120, 80, 8, 2.0, 8, 4.0)
HSY (2025.6679988900105, -107.88657334399552, 0.782608695652174, 23, 16, 7, 1) (80, 80, 8, 3.0, 8, 3.0)
PKI (2025.64176851, -322.8287031160025, 0.625, 16, 6, 10, 6) (120, 60, 10, 2.0, 8, 5.0)
AZO (2017.6600402469983, -271.89433962999965, 0.7647058823529411, 17, 12, 5, 2) (80, 80, 10, 3.0, 8, 3.0)
HII (2013.7059670950007, -2.6, 0.8, 10, 6, 4, 1) (60, 40, 8, 2.0, 8, 3.0)
GPN (2010.8540510649977, -458.83386401700045, 0.5625, 16, 5, 11, 4) (120, 80, 10, 3.0, 8, 5.0)
BSX (2005.4628918979952, -9.85096, 0.75, 16, 11, 5, 3) (80, 80, 10, 3.0, 8, 5.0)
MDLZ (2002.5927906880027, -99.18147030700449, 0.7368421052631579, 19, 10, 9, 2) (120, 80, 8, 3.0, 8, 3.0)
NEM (1974.5941786269912, -274.6500750460023, 0.7692307692307693, 13, 8, 5, 2) (120, 40, 8, 3.0, 8, 4.0)
TT (1969.1153077329966, -2.8600000000000003, 0.75, 16, 11, 5, 2) (80, 80, 8, 3.0, 8, 5.0)
JPM (1967.7932422820063, -200.68325871300055, 0.6666666666666666, 18, 9, 9, 2) (60, 60, 8, 3.0, 8, 3.0)
PEP (1966.798224462005, -3.24, 0.7777777777777778, 18, 13, 5, 1) (120, 60, 8, 3.0, 8, 3.0)
KMX (1965.7943162950044, -527.0784753329993, 0.625, 16, 8, 8, 5) (120, 60, 10, 3.0, 8, 4.0)
AFL (1961.2496200169958, -7.48874, 0.8888888888888888, 9, 5, 4, 0) (80, 40, 8, 3.0, 8, 3.0)
IVZ (1952.9390917630012, -257.4477497530025, 0.6842105263157895, 19, 10, 9, 6) (60, 80, 8, 2.0, 8, 3.0)
VICI (1948.8555834860047, -12.439350000000001, 0.7894736842105263, 19, 9, 10, 3) (80, 60, 8, 3.0, 8, 5.0)
J (1929.3443421240008, -666.1105028429994, 0.75, 16, 8, 8, 3) (60, 60, 8, 2.0, 8, 3.0)
CPRT (1922.760136427003, -997.0747230225013, 0.625, 16, 8, 8, 6) (120, 80, 10, 2.0, 8, 5.0)
CSX (1882.0751223611896, -147.04517261580082, 0.631578947368421, 19, 12, 7, 6) (60, 40, 8, 2.0, 8, 4.0)
MRO (1882.0650749829988, -30.98529, 1.0, 4, 3, 1, 0) (60, 40, 10, 3.0, 8, 5.0)
ADP (1880.1564237729958, -465.22556709000247, 0.7142857142857143, 7, 3, 4, 1) (80, 40, 10, 3.0, 8, 5.0)
TFX (1879.9209298599997, -1.6800000000000002, 0.6842105263157895, 19, 7, 12, 5) (80, 80, 10, 2.0, 8, 3.0)
APD (1879.4573345230003, -1.662582011, 0.6875, 16, 8, 8, 5) (80, 80, 10, 2.0, 8, 3.0)
FSLR (1876.5588886249943, -1575.2054399979993, 0.5882352941176471, 17, 11, 6, 6) (120, 40, 8, 2.0, 8, 5.0)
COST (1868.6399471389987, -1.82, 0.8571428571428571, 14, 7, 7, 2) (60, 60, 10, 2.0, 8, 4.0)
HON (1846.8123634449998, -465.539487763, 0.8095238095238095, 21, 12, 9, 3) (120, 60, 8, 3.0, 8, 4.0)
GL (1844.8814205590006, -116.46625275900456, 0.7222222222222222, 18, 9, 9, 1) (60, 80, 8, 3.0, 8, 4.0)
BR (1840.675472498998, -2.96, 0.875, 8, 5, 3, 0) (120, 40, 10, 3.0, 8, 4.0)
SLB (1838.6536223799962, -3.344451456, 0.631578947368421, 19, 8, 11, 6) (60, 80, 8, 3.0, 8, 5.0)
STE (1833.6260215979983, -1.6597921039999997, 0.7857142857142857, 14, 9, 5, 1) (80, 60, 10, 3.0, 8, 4.0)
GM (1825.6581835490001, -2.0315250319999993, 0.5714285714285714, 14, 8, 6, 6) (120, 80, 10, 2.0, 8, 3.0)
NVR (1818.7993843159989, -582.3418724649993, 0.6666666666666666, 30, 15, 15, 10) (120, 80, 8, 2.0, 8, 3.0)
APTV (1818.4303608029977, -414.94482739200123, 0.6666666666666666, 18, 12, 6, 6) (60, 80, 10, 3.0, 8, 4.0)
CB (1818.0728187889954, -279.6880908140067, 0.7, 20, 13, 7, 3) (80, 80, 8, 3.0, 8, 4.0)
TGT (1809.3555440740051, -2.6799999999999997, 0.6818181818181818, 22, 9, 13, 7) (80, 40, 8, 2.0, 8, 4.0)
PEG (1795.2940564290088, -6.60919, 0.8095238095238095, 21, 12, 9, 2) (80, 80, 8, 3.0, 8, 3.0)
DAL (1790.6770136639961, -7.61439, 0.6875, 16, 8, 8, 5) (80, 40, 8, 3.0, 8, 4.0)
CFG (1787.2593715440003, -2.339753719999999, 0.6, 15, 7, 8, 6) (80, 60, 8, 2.0, 8, 5.0)
GOOGL (1784.8689666490054, -1031.4768906327486, 0.5, 20, 7, 13, 7) (60, 80, 8, 2.0, 8, 5.0)
TSN (1784.6803046600025, -99.02187957999654, 0.65, 20, 8, 12, 2) (60, 80, 8, 3.0, 8, 5.0)
PRU (1784.6332126329983, -81.41524143100126, 0.7142857142857143, 21, 12, 9, 6) (60, 80, 8, 2.0, 8, 4.0)
ES (1778.3224256699984, -127.64868652800226, 0.7777777777777778, 18, 9, 9, 4) (120, 80, 8, 2.0, 8, 4.0)
BLK (1770.9553125529947, -1.66183112, 0.6190476190476191, 21, 13, 8, 6) (120, 60, 8, 3.0, 8, 5.0)
O (1766.2710794699935, -5.528600000000001, 0.9166666666666666, 12, 6, 6, 1) (120, 60, 10, 3.0, 8, 3.0)
RE (1751.7559657139973, -2.1, 0.8, 15, 10, 5, 2) (80, 40, 8, 3.0, 8, 4.0)
GD (1751.0632579950118, -2.7, 0.6818181818181818, 22, 12, 10, 6) (120, 80, 8, 2.0, 8, 4.0)
ETN (1749.2086176269952, -350.1499852589984, 0.8333333333333334, 18, 12, 6, 2) (60, 80, 8, 3.0, 8, 3.0)
PCAR (1741.5322756160901, -6.05633, 0.7777777777777778, 9, 5, 4, 1) (80, 40, 8, 3.0, 8, 5.0)
ARE (1739.0839539919912, -2.6799999999999997, 0.8888888888888888, 9, 4, 5, 0) (80, 80, 10, 3.0, 8, 3.0)
WM (1736.1091569500045, -3.32, 0.7777777777777778, 18, 10, 8, 3) (120, 80, 8, 3.0, 8, 3.0)
FDX (1730.384031293, -311.9681501819994, 0.7142857142857143, 7, 2, 5, 2) (60, 40, 8, 2.0, 8, 3.0)
KO (1722.348921539, -7.41335, 0.7777777777777778, 18, 10, 8, 3) (120, 80, 8, 2.0, 8, 3.0)
WAB (1700.844104089005, -439.6384302199972, 0.6666666666666666, 15, 10, 5, 3) (80, 60, 10, 3.0, 8, 4.0)
NOW (1699.314689396003, -547.0260795229968, 0.5185185185185185, 27, 10, 17, 13) (120, 80, 8, 2.0, 8, 5.0)
CMG (1699.078750161994, -1.660788941, 0.75, 12, 8, 4, 3) (80, 40, 8, 2.0, 8, 4.0)
CVS (1697.9410856520003, -5.0762599999999996, 0.6470588235294118, 17, 7, 10, 4) (120, 80, 8, 3.0, 8, 4.0)
TMUS (1694.6776517759977, -182.80849920599715, 0.8333333333333334, 12, 9, 3, 2) (80, 80, 10, 2.0, 8, 4.0)
DRI (1687.2017300749906, -1805.754100397, 0.7368421052631579, 19, 15, 4, 5) (120, 80, 10, 3.0, 8, 3.0)
AIG (1664.9635906470016, -8.21751, 0.6666666666666666, 9, 2, 7, 1) (60, 60, 10, 3.0, 8, 4.0)
NSC (1658.6610174430007, -2.1, 0.625, 24, 16, 8, 8) (120, 80, 8, 2.0, 8, 3.0)
ATVI (1654.2999612439962, -1.6577365999999998, 0.75, 24, 11, 13, 4) (80, 80, 8, 2.0, 8, 3.0)
CHTR (1653.9818273940043, -196.91513133500004, 0.6, 15, 5, 10, 6) (120, 60, 10, 2.0, 8, 5.0)
IEX (1651.7144505059935, -263.5359811010015, 0.631578947368421, 19, 8, 11, 6) (120, 60, 8, 2.0, 8, 4.0)
LW (1649.6939285909934, -1.6579088079999993, 0.6666666666666666, 9, 3, 6, 1) (60, 60, 10, 3.0, 8, 5.0)
CVX (1648.831932639005, -457.00875241600045, 0.7647058823529411, 17, 11, 6, 3) (80, 60, 8, 3.0, 8, 4.0)
TMO (1646.6716861249915, -286.86330820500484, 0.6842105263157895, 19, 11, 8, 5) (120, 80, 10, 3.0, 8, 5.0)
SPG (1641.5408452019942, -3.46, 0.6470588235294118, 17, 9, 8, 6) (120, 80, 8, 2.0, 8, 3.0)
LH (1634.5815240370107, -1.660843901, 0.8, 10, 6, 4, 1) (60, 60, 10, 2.0, 8, 3.0)
ADI (1630.4026578810021, -2.98, 0.7692307692307693, 13, 8, 5, 3) (120, 60, 10, 3.0, 8, 3.0)
BKNG (1625.6091440920127, -351.0705627739966, 0.5909090909090909, 22, 13, 9, 9) (120, 80, 8, 2.0, 8, 4.0)
WYNN (1623.9885857059949, -1272.1702031470006, 0.55, 20, 11, 9, 8) (120, 60, 8, 3.0, 8, 5.0)
EXPD (1623.2486940080018, -253.60040507899896, 0.7692307692307693, 13, 6, 7, 2) (120, 80, 10, 3.0, 8, 5.0)
AMZN (1619.5995034699008, -740.1239567431492, 0.6, 10, 4, 6, 4) (120, 40, 10, 2.0, 8, 3.0)
WMB (1602.5414030569978, -679.3549504840015, 0.6470588235294118, 17, 8, 9, 3) (120, 60, 8, 3.0, 8, 3.0)
TEL (1593.9799045069954, -1290.1393941250078, 0.65, 20, 13, 7, 3) (120, 80, 8, 3.0, 8, 4.0)
TDY (1593.9115274810101, -190.64262671299684, 0.65, 20, 7, 13, 5) (120, 60, 8, 3.0, 8, 4.0)
POOL (1582.522436812004, -326.45806979500037, 0.55, 20, 7, 13, 9) (80, 80, 8, 2.0, 8, 5.0)
ABT (1582.096834382999, -109.28055421599984, 0.6923076923076923, 13, 6, 7, 1) (60, 80, 10, 3.0, 8, 3.0)
NWS (1548.316729839, -3.7860816699999997, 0.8181818181818182, 11, 8, 3, 2) (60, 40, 8, 2.0, 8, 4.0)
PNC (1546.2096494700068, -1427.934719812989, 0.6538461538461539, 26, 10, 16, 7) (120, 60, 8, 3.0, 8, 3.0)
IBM (1531.7019563590047, -3.34, 0.7272727272727273, 22, 9, 13, 5) (80, 60, 8, 2.0, 8, 5.0)
IQV (1529.1573911690002, -320.5212121689989, 0.6, 5, 3, 2, 2) (120, 40, 10, 2.0, 8, 5.0)
EXR (1520.6308448600073, -2.74, 0.8461538461538461, 13, 7, 6, 2) (60, 80, 8, 3.0, 8, 4.0)
IFF (1519.4982542470032, -1.658571992, 0.9166666666666666, 12, 7, 5, 1) (80, 40, 8, 3.0, 8, 3.0)
HUM (1518.620698577002, -454.8213969719982, 0.7857142857142857, 14, 8, 6, 2) (80, 80, 10, 3.0, 8, 3.0)
CNC (1516.7644453230039, -606.3358512100048, 0.6923076923076923, 26, 11, 15, 6) (120, 80, 8, 3.0, 8, 5.0)
CTSH (1503.9126494970048, -483.7337552599962, 0.6666666666666666, 15, 8, 7, 4) (120, 60, 10, 3.0, 8, 4.0)
PSA (1487.3520036049908, -52.41778609999898, 0.7, 20, 15, 5, 2) (80, 80, 8, 3.0, 8, 3.0)
V (1478.671236128003, -127.65764958000021, 0.8, 10, 6, 4, 1) (80, 80, 10, 3.0, 8, 3.0)
TXN (1478.431408641999, -2.7, 0.8, 15, 10, 5, 2) (80, 60, 8, 3.0, 8, 3.0)
SRE (1473.7609688550026, -4.365895397995747, 0.6818181818181818, 22, 12, 10, 4) (120, 60, 8, 3.0, 8, 3.0)
EVRG (1470.8998606069954, -166.09666948, 0.6666666666666666, 15, 7, 8, 5) (120, 80, 10, 2.0, 8, 4.0)
VRSK (1463.7040763710054, -2.7199999999999998, 0.9166666666666666, 12, 9, 3, 0) (60, 80, 10, 2.0, 8, 3.0)
PGR (1447.6787453159977, -768.5565544090003, 0.7333333333333333, 15, 5, 10, 3) (120, 60, 8, 2.0, 8, 3.0)
CHD (1443.8188845459931, -4.68, 0.65, 20, 8, 12, 5) (120, 80, 10, 2.0, 8, 3.0)
C (1439.7806000589958, -755.1303022319978, 0.5714285714285714, 14, 9, 5, 5) (120, 60, 10, 2.0, 8, 5.0)
ROP (1421.535451942997, -1.662353698, 0.75, 20, 12, 8, 3) (120, 80, 8, 3.0, 8, 3.0)
UHS (1415.0324166870007, -3.2800000000000002, 0.7777777777777778, 9, 5, 4, 2) (80, 40, 10, 2.0, 8, 4.0)
FTV (1412.4777002789992, -1.7750264059999998, 0.6470588235294118, 17, 8, 9, 2) (60, 60, 8, 3.0, 8, 4.0)
ISRG (1411.3598336875884, -910.8872286214131, 0.6111111111111112, 18, 9, 9, 7) (60, 60, 8, 2.0, 8, 5.0)
TAP (1408.9975040039894, -876.1009225590017, 0.64, 25, 15, 10, 8) (120, 80, 8, 3.0, 8, 3.0)
AAPL (1392.5019347629977, -3.2600000000000002, 0.75, 12, 6, 6, 2) (60, 80, 8, 2.0, 8, 4.0)
MCK (1389.0025729470017, -317.19020261599945, 0.6666666666666666, 21, 14, 7, 4) (120, 60, 8, 3.0, 8, 3.0)
TER (1387.7265844440017, -307.95537472999763, 0.5333333333333333, 15, 10, 5, 7) (120, 80, 10, 2.0, 8, 4.0)
OGN (1384.8252866599987, -808.146274752002, 0.6842105263157895, 19, 10, 9, 6) (60, 80, 8, 2.0, 8, 4.0)
TECH (1382.6541086875056, -467.30805076000144, 0.7333333333333333, 15, 8, 7, 3) (60, 40, 8, 3.0, 8, 4.0)
CE (1378.7647992470054, -38.56659055500218, 0.7142857142857143, 7, 5, 2, 2) (80, 40, 10, 2.0, 8, 5.0)
CMI (1376.9859809200027, -2.1, 0.7857142857142857, 14, 7, 7, 2) (80, 40, 8, 3.0, 8, 3.0)
SNA (1359.232321266003, -2.44, 0.7142857142857143, 7, 6, 1, 0) (80, 40, 10, 3.0, 8, 5.0)
RSG (1357.2043376519982, -441.1330041299986, 0.7692307692307693, 13, 8, 5, 2) (120, 60, 8, 3.0, 8, 3.0)
AMGN (1351.3157040590008, -266.67678399600084, 0.8571428571428571, 14, 8, 6, 2) (60, 80, 8, 2.0, 8, 3.0)
XEL (1346.652064471001, -41.01764676400008, 0.6875, 16, 6, 10, 4) (120, 60, 8, 2.0, 8, 3.0)
CAH (1340.1464535919922, -1.9293299040000003, 0.75, 12, 6, 6, 2) (80, 60, 10, 3.0, 8, 4.0)
META (1338.3412443920015, -1.9, 0.7272727272727273, 11, 7, 4, 3) (60, 40, 8, 2.0, 8, 4.0)
MS (1337.9360487280007, -4.54, 0.8181818181818182, 11, 9, 2, 2) (60, 60, 10, 2.0, 8, 3.0)
AWK (1335.5076084589973, -1.657027616, 0.8461538461538461, 13, 8, 5, 2) (60, 80, 10, 2.0, 8, 3.0)
RL (1329.5660926669996, -474.83666854400025, 0.7142857142857143, 7, 2, 5, 2) (120, 40, 10, 3.0, 8, 3.0)
XYL (1327.1207149420004, -1.6574453120000001, 0.631578947368421, 19, 10, 9, 5) (80, 80, 8, 2.0, 8, 5.0)
PPG (1316.148669058003, -3.02, 0.7272727272727273, 11, 7, 4, 1) (60, 40, 8, 2.0, 8, 4.0)
LMT (1305.711755970001, -1.8399999999999999, 0.8333333333333334, 12, 7, 5, 2) (60, 80, 8, 2.0, 8, 3.0)
CTAS (1300.3926941470029, -301.30720758199885, 0.7692307692307693, 13, 11, 2, 2) (80, 40, 8, 2.0, 8, 4.0)
AXP (1297.5220793260003, -295.4851878380014, 0.7272727272727273, 11, 9, 2, 3) (60, 80, 10, 2.0, 8, 4.0)
CEG (1294.3205247230044, -828.7612924709971, 0.7, 10, 5, 5, 3) (80, 60, 8, 2.0, 8, 3.0)
CCL (1284.0682579329982, -420.3171986880001, 0.5294117647058824, 17, 8, 9, 8) (80, 40, 8, 2.0, 8, 5.0)
FIS (1283.958606235997, -377.73861046399713, 0.625, 16, 7, 9, 6) (120, 40, 8, 2.0, 8, 5.0)
TRMB (1279.555408819, -628.7488050429987, 0.5454545454545454, 22, 11, 11, 10) (120, 80, 10, 2.0, 8, 3.0)
PSX (1263.2442238770013, -328.9155256259976, 0.8, 5, 2, 3, 1) (60, 40, 8, 2.0, 8, 5.0)
NTRS (1257.7243975939964, -3.98, 0.6923076923076923, 13, 7, 6, 4) (60, 60, 8, 2.0, 8, 3.0)
BDX (1249.5590590452869, -2.26, 0.7333333333333333, 15, 12, 3, 1) (80, 80, 8, 2.0, 8, 3.0)
SHW (1227.910436568527, -338.156325444477, 0.7142857142857143, 7, 3, 4, 2) (120, 40, 10, 2.0, 8, 3.0)
FDS (1223.456250697001, -1.94, 0.75, 8, 6, 2, 0) (60, 40, 8, 3.0, 8, 3.0)
AMCR (1215.3085089750007, -386.1500331899994, 0.6086956521739131, 23, 16, 7, 8) (120, 60, 8, 2.0, 8, 3.0)
WST (1206.0447670949957, -1.82, 0.6, 15, 8, 7, 6) (120, 60, 10, 2.0, 8, 5.0)
AMAT (1205.7419609610038, -753.3554827899993, 0.45454545454545453, 11, 6, 5, 5) (80, 60, 10, 2.0, 8, 4.0)
BAX (1204.6017163480042, -326.8218375679971, 0.6363636363636364, 11, 6, 5, 3) (60, 40, 8, 2.0, 8, 5.0)
D (1195.6617613680028, -680.7471300649967, 0.7, 10, 4, 6, 3) (80, 40, 8, 2.0, 8, 5.0)
KEYS (1182.797920516999, -326.14491741700147, 0.8571428571428571, 7, 6, 1, 1) (120, 40, 10, 3.0, 8, 4.0)
LLY (1180.7094819560011, -293.937406618998, 0.6428571428571429, 14, 8, 6, 3) (120, 60, 10, 3.0, 8, 4.0)
CAG (1177.2795745900073, -1004.5666954119946, 0.6818181818181818, 22, 9, 13, 6) (80, 60, 8, 2.0, 8, 5.0)
ODFL (1175.2000927570061, -655.772188024998, 0.5, 22, 15, 7, 11) (120, 80, 10, 2.0, 8, 5.0)
WRB (1167.5745971612482, -7.08666, 0.8333333333333334, 12, 6, 6, 2) (120, 40, 8, 3.0, 8, 3.0)
RTX (1163.3584807279942, -4.5600000000000005, 0.75, 12, 7, 5, 3) (80, 60, 10, 2.0, 8, 3.0)
PAYX (1134.8116317390034, -151.12171020800005, 0.75, 8, 4, 4, 1) (80, 40, 10, 3.0, 8, 3.0)
LHX (1134.678699809001, -2.52, 0.7857142857142857, 14, 10, 4, 0) (60, 80, 8, 3.0, 8, 3.0)
ADM (1133.1502593490031, -5.830159999999999, 1.0, 5, 3, 2, 0) (80, 40, 10, 3.0, 8, 3.0)
KLAC (1126.3487659479993, -1.8599999999999999, 1.0, 4, 4, 0, 0) (60, 40, 10, 2.0, 8, 3.0)
URI (1121.199236964996, -1.96, 0.8, 5, 5, 0, 1) (60, 40, 10, 2.0, 8, 4.0)
COO (1117.853232401998, -169.51695883899947, 0.6666666666666666, 18, 10, 8, 5) (120, 80, 10, 3.0, 8, 3.0)
ULTA (1115.8660659960033, -1.88, 0.6666666666666666, 21, 12, 9, 7) (120, 60, 10, 3.0, 8, 3.0)
WRK (1113.647477750003, -463.8580540010002, 0.6666666666666666, 21, 10, 11, 6) (80, 60, 8, 3.0, 8, 3.0)
JNJ (1104.9067358259995, -609.6241908719991, 0.7619047619047619, 21, 8, 13, 4) (120, 60, 8, 2.0, 8, 3.0)
ATO (1100.0361325409992, -4.28, 0.8571428571428571, 7, 4, 3, 0) (60, 60, 10, 3.0, 8, 3.0)
GILD (1096.6736704929965, -1187.6853125720022, 0.6666666666666666, 24, 13, 11, 7) (120, 80, 8, 2.0, 8, 4.0)
MAR (1093.835089379994, -586.0017737850026, 0.6, 20, 11, 9, 5) (80, 80, 8, 3.0, 8, 4.0)
CCI (1078.2721441199956, -84.16552930500036, 0.8, 5, 2, 3, 0) (60, 40, 8, 3.0, 8, 3.0)
NWSA (1077.4823862730038, -1271.1139594510014, 0.7142857142857143, 21, 9, 12, 6) (80, 80, 8, 3.0, 8, 4.0)
ON (1062.6429867370018, -515.3821651850001, 0.8333333333333334, 6, 4, 2, 1) (60, 40, 8, 3.0, 8, 4.0)
DD (1058.5598297459997, -87.66448692900211, 0.8, 10, 6, 4, 1) (60, 60, 10, 3.0, 8, 3.0)
ELV (1056.6518386749995, -1265.3009073219985, 0.7272727272727273, 11, 8, 3, 2) (60, 40, 8, 3.0, 8, 3.0)
NTAP (1051.6570005719966, -123.76673083199948, 0.5, 8, 3, 5, 0) (60, 40, 10, 3.0, 8, 3.0)
NKE (1038.1040184750123, -628.4692180449958, 0.6111111111111112, 18, 9, 9, 4) (60, 60, 8, 3.0, 8, 3.0)
AIZ (1034.7269949689992, -3.2, 0.7647058823529411, 17, 13, 4, 3) (60, 60, 8, 3.0, 8, 4.0)
INCY (1034.682032668999, -349.1589619769977, 0.7777777777777778, 9, 4, 5, 1) (80, 40, 8, 3.0, 8, 5.0)
RCL (1033.7582961180055, -696.320772332997, 0.42857142857142855, 21, 9, 12, 12) (120, 60, 8, 2.0, 8, 4.0)
CSGP (1023.6400777705041, -4.34, 0.5625, 16, 6, 10, 6) (60, 60, 8, 2.0, 8, 4.0)
CPB (1021.7793445560085, -459.03439358699893, 0.75, 24, 11, 13, 6) (80, 80, 8, 2.0, 8, 3.0)
PFG (1013.7115862090026, -6.25737, 0.75, 16, 11, 5, 2) (80, 60, 10, 3.0, 8, 3.0)
DISH (1012.1223544289974, -8.61959, 0.8, 5, 4, 1, 1) (80, 40, 10, 3.0, 8, 3.0)
ITW (1009.9808502200033, -446.9666774609981, 0.75, 16, 8, 8, 4) (120, 80, 10, 2.0, 8, 3.0)
MMC (990.2930341920007, -7.55853850100034, 0.75, 12, 8, 4, 0) (80, 80, 10, 3.0, 8, 3.0)
KMI (987.2954810619937, -813.4295259870015, 0.6153846153846154, 13, 6, 7, 3) (120, 80, 8, 3.0, 8, 3.0)
GIS (986.3220277840003, -142.17205591199976, 0.6666666666666666, 15, 7, 8, 0) (60, 80, 8, 3.0, 8, 3.0)
ZION (982.5935837799984, -1.9708572159999997, 0.5625, 16, 6, 10, 7) (60, 80, 10, 2.0, 8, 5.0)
DG (980.0683225369975, -1246.7626150310005, 0.7692307692307693, 13, 6, 7, 3) (120, 60, 10, 3.0, 8, 4.0)
AKAM (978.0998234760013, -1371.1374286539983, 0.5333333333333333, 15, 8, 7, 7) (120, 80, 10, 2.0, 8, 4.0)
KDP (974.0105277900093, -124.80637455799942, 0.631578947368421, 19, 14, 5, 1) (80, 60, 8, 3.0, 8, 3.0)
NOC (964.5046755339956, -1.659517304, 0.8333333333333334, 6, 4, 2, 1) (80, 60, 10, 2.0, 8, 4.0)
ZBH (954.3734190784253, -2.8600000000000003, 0.8571428571428571, 7, 5, 2, 1) (120, 40, 10, 2.0, 8, 3.0)
FITB (950.3522910330004, -338.7353692669989, 0.5, 18, 9, 9, 9) (80, 60, 10, 2.0, 8, 5.0)
MTCH (944.661583872007, -1276.173072507999, 0.5416666666666666, 24, 11, 13, 11) (60, 80, 8, 2.0, 8, 5.0)
BXP (941.0699991620036, -1.658635196, 0.5555555555555556, 9, 4, 5, 4) (120, 40, 8, 2.0, 8, 5.0)
BBY (913.669508470998, -1202.0200881800035, 0.5625, 16, 8, 8, 6) (120, 40, 8, 2.0, 8, 4.0)
JNPR (893.8822389559958, -663.5232354670027, 0.6153846153846154, 13, 7, 6, 4) (80, 60, 10, 2.0, 8, 3.0)
MKC (891.3250850379997, -171.638824765001, 0.7142857142857143, 7, 5, 2, 2) (80, 40, 10, 2.0, 8, 3.0)
MCD (890.8007809040006, -2.34, 0.8, 10, 6, 4, 1) (120, 80, 10, 3.0, 8, 3.0)
ACGL (877.3621967940013, -9.2981, 1.0, 3, 3, 0, 0) (60, 40, 10, 2.0, 8, 3.0)
LYB (869.8080132609987, -3.94, 1.0, 3, 2, 1, 0) (80, 40, 10, 2.0, 8, 3.0)
ETR (852.422002489995, -4.0600000000000005, 0.75, 8, 6, 2, 2) (120, 40, 10, 2.0, 8, 3.0)
TTWO (829.4450814309992, -175.77460901800129, 0.7142857142857143, 7, 3, 4, 2) (60, 40, 8, 3.0, 8, 5.0)
VFC (816.0918093369996, -176.1591438960018, 0.5263157894736842, 19, 8, 11, 8) (120, 80, 10, 2.0, 8, 5.0)
QQQ (812.5229925829975, -1.88, 0.6666666666666666, 18, 7, 11, 6) (120, 80, 8, 2.0, 8, 3.0)
AME (808.5758801529926, -3.22, 0.7368421052631579, 19, 14, 5, 4) (120, 80, 8, 3.0, 8, 3.0)
ABC (785.2656323690022, -375.7493395149985, 0.75, 8, 4, 4, 2) (120, 40, 10, 3.0, 8, 3.0)
WBA (779.9366588380018, -185.95040438200095, 0.6923076923076923, 13, 5, 8, 1) (60, 80, 10, 3.0, 8, 3.0)
SEE (754.6588585099953, -194.3363050829997, 0.7, 10, 7, 3, 1) (60, 60, 8, 3.0, 8, 3.0)
SPY (744.6098049700007, -1.72, 0.7777777777777778, 9, 6, 3, 0) (80, 60, 10, 3.0, 8, 3.0)
MGM (733.8589216559928, -9.27297, 0.6428571428571429, 14, 8, 6, 5) (120, 40, 10, 3.0, 8, 3.0)
DIS (715.0142780620043, -1551.2733482680023, 0.5416666666666666, 24, 12, 12, 9) (60, 60, 8, 2.0, 8, 4.0)
BMY (704.6094748359963, -189.0449509630036, 0.6666666666666666, 15, 5, 10, 2) (120, 60, 10, 3.0, 8, 3.0)
LOW (697.6588072859957, -693.625605534002, 0.6, 15, 8, 7, 6) (120, 40, 8, 2.0, 8, 4.0)
CRL (696.5350055810018, -370.6155536659987, 0.5714285714285714, 14, 7, 7, 6) (80, 60, 10, 2.0, 8, 3.0)
BEN (668.8076824520001, -509.94253645400016, 0.5384615384615384, 13, 5, 8, 5) (80, 80, 10, 2.0, 8, 3.0)
UNP (647.9794197350022, -56.35650484499905, 0.6, 5, 2, 3, 0) (80, 40, 10, 3.0, 8, 3.0)
VOO (601.7107995219983, -123.48771237000021, 0.6875, 16, 9, 7, 5) (120, 80, 10, 2.0, 8, 3.0)
WHR (600.6788591069956, -305.067658547, 0.5, 6, 3, 3, 3) (120, 40, 10, 2.0, 8, 3.0)
GE (600.354370333295, -1351.2831375884205, 0.5, 22, 11, 11, 11) (120, 80, 10, 2.0, 8, 5.0)
WMT (577.0903214349972, -326.07831469800135, 0.6842105263157895, 19, 10, 9, 4) (120, 80, 10, 3.0, 8, 3.0)
GNRC (548.9390678120066, -886.3923562109937, 0.5714285714285714, 14, 7, 7, 6) (120, 60, 10, 3.0, 8, 5.0)
TJX (511.0330289240012, -5.45321, 0.75, 8, 3, 5, 1) (120, 40, 10, 3.0, 8, 3.0)
VZ (509.52826194899217, -18.949582567002544, 0.8, 5, 1, 4, 0) (80, 40, 10, 3.0, 8, 3.0)
OMC (487.44987119799885, -4.6, 0.6363636363636364, 11, 7, 4, 4) (120, 60, 10, 2.0, 8, 3.0)
NCLH (483.2103906850042, -20.240248549998995, 0.5, 8, 5, 3, 4) (60, 40, 8, 3.0, 8, 3.0)
PH (459.87291350099133, -489.2193003200017, 0.5384615384615384, 13, 7, 6, 5) (120, 40, 8, 2.0, 8, 3.0)
BALL (458.9733974940025, -454.98844787100023, 0.6666666666666666, 3, 1, 2, 1) (80, 40, 10, 3.0, 8, 4.0)
YUM (449.33729716100345, -208.97191405400145, 0.6190476190476191, 21, 9, 12, 7) (80, 80, 10, 2.0, 8, 3.0)
CDAY (414.6007151389996, -1.6586617600000002, 0.6, 5, 2, 3, 2) (60, 40, 10, 2.0, 8, 4.0)
FCX (392.0739965250031, -560.7793648549989, 0.625, 8, 5, 3, 2) (60, 40, 8, 3.0, 8, 4.0)
WFC (342.4187024500028, -339.8546228449983, 0.5294117647058824, 17, 11, 6, 8) (120, 60, 10, 2.0, 8, 3.0)
FISV (323.51806895700236, -335.1148310839993, 0.5, 8, 3, 5, 3) (60, 60, 10, 2.0, 8, 4.0)
HPE (318.8283032370003, -24.90383, 1.0, 2, 2, 0, 0) (60, 40, 10, 3.0, 8, 3.0)
CTRA (317.793592522002, -593.4718964599997, 0.4444444444444444, 9, 6, 3, 5) (120, 60, 10, 2.0, 8, 4.0)
KR (309.8334945770014, -2.5854972480000002, 0.8333333333333334, 6, 1, 5, 1) (60, 40, 10, 2.0, 8, 3.0)
HLT (303.9880855389997, -1517.454177039003, 0.5333333333333333, 15, 9, 6, 6) (60, 40, 8, 2.0, 8, 3.0)
GRMN (296.6294664510019, -91.520231856, 0.8, 5, 3, 2, 1) (120, 40, 10, 3.0, 8, 3.0)
HBAN (282.071192911999, -467.96018013200137, 0.8, 5, 2, 3, 1) (60, 40, 8, 3.0, 8, 4.0)
CI (252.7932699530012, -361.9933759410025, 0.7272727272727273, 11, 7, 4, 3) (60, 40, 8, 2.0, 8, 3.0)
LVS (252.57862610200914, -1.9903137400000004, 0.4666666666666667, 15, 6, 9, 8) (120, 60, 10, 2.0, 8, 5.0)
GS (179.29576904500215, -461.6135887670015, 0.6, 5, 3, 2, 2) (60, 40, 8, 2.0, 8, 3.0)
USB (174.70947425499617, -624.6520892650024, 0.3333333333333333, 3, 2, 1, 2) (60, 40, 10, 2.0, 8, 5.0)
CSCO (112.23473085099474, -7.31283, 0.5833333333333334, 24, 11, 13, 6) (120, 80, 10, 3.0, 8, 3.0)
EMN (72.21627236499526, -453.96466251199945, 0.5625, 16, 6, 10, 6) (120, 40, 8, 3.0, 8, 4.0)
CAT (0, 0, 0.0, 0, 0, 0, 0) (60, 40, 8, 2.0, 8, 3.0)
NDSN (-104.27064572299939, -103.61089392299881, 0.25, 4, 3, 1, 1) (60, 40, 10, 2.0, 8, 3.0)
SEDG (-119.16976044500643, -997.5541830220014, 0.4, 5, 2, 3, 3) (60, 40, 10, 3.0, 8, 4.0)
HPQ (-184.38710747999622, -1844.672540325003, 0.5, 26, 16, 10, 13) (120, 80, 8, 2.0, 8, 3.0)
CTLT (-315.44556054600287, -985.3101427570023, 0.5454545454545454, 22, 18, 4, 10) (60, 60, 8, 2.0, 8, 4.0)
HAS (-549.7245149429984, -995.5545149429984, 0.4, 5, 2, 3, 3) (60, 40, 10, 2.0, 8, 3.0)
