NVDA (10286.583232947258, -661.0869945975006, 0.673469387755102, 49, 23, 26, 13) (200, 120, 10, 4.0, 8, 5.0)
NVDA (10025.362106024251, -41.14682807849993, 0.717948717948718, 39, 20, 19, 9) (200, 80, 10, 4.0, 8, 5.0)
NVDA (9685.159061340757, -459.7114129879984, 0.6923076923076923, 39, 20, 19, 12) (200, 80, 10, 3.0, 8, 5.0)
NVDA (9376.436750077763, -917.5415795069985, 0.64, 50, 23, 27, 18) (200, 120, 10, 3.0, 8, 5.0)
CZR (8705.289335704001, -1.6572850119999996, 0.7441860465116279, 43, 19, 24, 11) (150, 80, 10, 4.0, 8, 5.0)
CZR (8705.289335704001, -1.6572850119999996, 0.7441860465116279, 43, 19, 24, 11) (150, 80, 10, 4.0, 8, 5.0)
STLD (8678.764580915016, -685.3898139819956, 0.6885245901639344, 61, 36, 25, 13) (80, 120, 16, 4.0, 8, 5.0)
BBWI (8529.892400740238, -4588.533472376758, 0.6307692307692307, 65, 34, 31, 22) (150, 120, 10, 4.0, 8, 5.0)
BBWI (8406.197782616238, -4433.729927456759, 0.6268656716417911, 67, 35, 32, 22) (150, 120, 10, 4.0, 8, 4.0)
NVDA (8272.235693931507, -1660.4071076390012, 0.6666666666666666, 54, 28, 26, 16) (120, 80, 10, 4.0, 8, 5.0)
CZR (8147.350674652012, -1582.2393774309962, 0.6376811594202898, 69, 32, 37, 24) (120, 120, 10, 4.0, 8, 5.0)
CZR (8147.350674652012, -1582.2393774309962, 0.6376811594202898, 69, 32, 37, 24) (120, 120, 10, 4.0, 8, 5.0)
PYPL (8042.907411020993, -1368.6334904950131, 0.6438356164383562, 73, 31, 42, 22) (120, 120, 10, 3.0, 8, 5.0)
STLD (8003.0647444490005, -712.2104281599972, 0.6885245901639344, 61, 36, 25, 13) (80, 120, 16, 4.0, 8, 3.0)
TSLA (7955.225569440138, -574.6095979203778, 0.574468085106383, 94, 48, 46, 38) (80, 120, 10, 3.0, 8, 5.0)
DVA (7922.018571767997, -305.26949424700086, 0.8125, 32, 17, 15, 5) (200, 60, 10, 3.0, 8, 4.0)
PYPL (7916.413411120996, -2.2199999999999998, 0.6434782608695652, 115, 45, 70, 22) (60, 120, 10, 4.0, 8, 4.0)
TSLA (7816.662520886442, -574.6095979203778, 0.5052631578947369, 95, 48, 47, 46) (80, 120, 10, 2.0, 8, 5.0)
STLD (7803.035166496011, -685.3898139819956, 0.6885245901639344, 61, 36, 25, 13) (80, 120, 16, 4.0, 8, 4.0)
PYPL (7625.540210774993, -1150.2127575770035, 0.6575342465753424, 73, 31, 42, 17) (120, 120, 10, 4.0, 8, 5.0)
PYPL (7615.882045612991, -520.6878170510012, 0.7096774193548387, 31, 13, 18, 5) (120, 120, 24, 4.0, 8, 4.0)
DVA (7611.637090595995, -305.26949424700086, 0.8125, 32, 17, 15, 5) (200, 60, 10, 3.0, 8, 5.0)
STLD (7528.975299845022, -322.8358983379977, 0.671875, 64, 39, 25, 20) (150, 120, 10, 3.0, 8, 4.0)
DVA (7502.885822393999, -3.66, 0.8125, 32, 17, 15, 4) (200, 60, 10, 4.0, 8, 4.0)
PYPL (7461.110348074997, -1.6615700600000003, 0.6551724137931034, 58, 20, 38, 17) (120, 120, 16, 3.0, 8, 3.0)
STLD (7375.727198199017, -489.2758983379964, 0.703125, 64, 39, 25, 17) (150, 120, 10, 4.0, 8, 4.0)
CZR (7349.1960236820005, -2526.9944081229964, 0.7532467532467533, 77, 37, 40, 18) (150, 120, 10, 4.0, 8, 2.0)
CZR (7349.1960236820005, -2526.9944081229964, 0.7532467532467533, 77, 37, 40, 18) (150, 120, 10, 4.0, 8, 2.0)
CZR (7297.129546855009, -1565.0393774309973, 0.6376811594202898, 69, 32, 37, 24) (120, 120, 10, 4.0, 8, 4.0)
CZR (7297.129546855009, -1565.0393774309973, 0.6376811594202898, 69, 32, 37, 24) (120, 120, 10, 4.0, 8, 4.0)
CZR (7268.610745771993, -1506.084167579002, 0.6428571428571429, 98, 46, 52, 29) (80, 120, 10, 4.0, 8, 3.0)
CZR (7268.610745771993, -1506.084167579002, 0.6428571428571429, 98, 46, 52, 29) (80, 120, 10, 4.0, 8, 3.0)
DVA (7244.837012735997, -305.26949424700086, 0.8125, 32, 17, 15, 5) (200, 60, 10, 3.0, 8, 3.0)
DVA (7192.504341221998, -3.66, 0.8125, 32, 17, 15, 4) (200, 60, 10, 4.0, 8, 5.0)
TSLA (7130.160983156588, -574.6095979203778, 0.5052631578947369, 95, 48, 47, 46) (80, 120, 10, 2.0, 8, 4.0)
TSLA (7070.815431710285, -574.6095979203778, 0.574468085106383, 94, 48, 46, 38) (80, 120, 10, 3.0, 8, 4.0)
BBWI (6783.536177889175, -5148.734018060817, 0.5384615384615384, 65, 34, 31, 28) (150, 120, 10, 3.0, 8, 5.0)
BBWI (6761.624966554437, -7.08666, 0.8823529411764706, 17, 11, 6, 1) (120, 60, 16, 4.0, 8, 3.0)
BBWI (6701.630112130547, -3163.7560202144537, 0.46153846153846156, 65, 34, 31, 35) (150, 120, 10, 2.0, 8, 5.0)
SPGI (6649.036092157002, -1.8599999999999999, 0.7368421052631579, 57, 31, 26, 4) (120, 80, 10, 4.0, 8, 4.0)
SPGI (6649.036092157002, -1.8599999999999999, 0.7368421052631579, 57, 31, 26, 4) (120, 80, 10, 4.0, 8, 5.0)
SPGI (6404.963545677004, -1.8599999999999999, 0.7368421052631579, 57, 31, 26, 4) (120, 80, 10, 4.0, 8, 3.0)
PWR (6142.434962245013, -477.50464871399384, 0.6206896551724138, 58, 37, 21, 22) (150, 120, 10, 2.0, 8, 5.0)
PWR (6142.434962245013, -477.50464871399384, 0.6206896551724138, 58, 37, 21, 22) (150, 120, 10, 2.0, 8, 5.0)
TSLA (6085.235883510803, -617.9385979203795, 0.5714285714285714, 105, 54, 51, 43) (80, 120, 10, 2.0, 8, 2.0)
SPGI (5859.917551373003, -1.8599999999999999, 0.7368421052631579, 57, 31, 26, 4) (120, 80, 10, 4.0, 8, 2.0)
ETSY (5776.93486478301, -312.8835021689995, 0.5833333333333334, 60, 28, 32, 25) (150, 120, 10, 2.0, 8, 2.0)
ETSY (5678.775867508999, -1210.202527403004, 0.6206896551724138, 58, 24, 34, 22) (200, 120, 10, 2.0, 8, 2.0)
SPGI (5494.189139998023, -1.8599999999999999, 0.7222222222222222, 54, 30, 24, 6) (80, 120, 16, 4.0, 8, 4.0)
ETSY (5475.033636902008, -1013.6155087389993, 0.42592592592592593, 54, 25, 29, 31) (150, 120, 10, 2.0, 8, 5.0)
PWR (5468.249170606008, -477.50464871399384, 0.6206896551724138, 58, 37, 21, 22) (150, 120, 10, 2.0, 8, 4.0)
PWR (5468.249170606008, -477.50464871399384, 0.6206896551724138, 58, 37, 21, 22) (150, 120, 10, 2.0, 8, 4.0)
PWR (5444.992044126012, -577.3405756559929, 0.6896551724137931, 58, 37, 21, 18) (150, 120, 10, 3.0, 8, 5.0)
PWR (5444.992044126012, -577.3405756559929, 0.6896551724137931, 58, 37, 21, 18) (150, 120, 10, 3.0, 8, 5.0)
PWR (5318.514025378011, -550.2522565439965, 0.7241379310344828, 58, 37, 21, 14) (150, 120, 10, 4.0, 8, 5.0)
PWR (5318.514025378011, -550.2522565439965, 0.7241379310344828, 58, 37, 21, 14) (150, 120, 10, 4.0, 8, 5.0)
PWR (5142.37556434301, -475.8646111579945, 0.6612903225806451, 62, 39, 23, 20) (150, 120, 10, 2.0, 8, 2.0)
PWR (5142.37556434301, -475.8646111579945, 0.6612903225806451, 62, 39, 23, 20) (150, 120, 10, 2.0, 8, 2.0)
META (4990.239506389007, -749.8110919980003, 0.5492957746478874, 71, 32, 39, 30) (120, 120, 10, 2.0, 8, 5.0)
ETSY (4975.685833088999, -2.44, 0.6666666666666666, 24, 16, 8, 8) (60, 120, 24, 4.0, 8, 4.0)
UAL (4975.185241979002, -767.4841312400052, 0.5569620253164557, 79, 35, 44, 35) (120, 120, 10, 2.0, 8, 2.0)
ETSY (4975.072903003001, -2154.4011462480025, 0.6964285714285714, 56, 24, 32, 17) (200, 120, 10, 4.0, 8, 2.0)
UAL (4879.219106780006, -552.9277719840022, 0.6410256410256411, 78, 35, 43, 28) (120, 120, 10, 3.0, 8, 2.0)
CHRW (4829.794814845998, -1.6572330290000004, 0.8260869565217391, 23, 12, 11, 3) (120, 120, 24, 4.0, 8, 3.0)
META (4809.944666474003, -749.8110919980003, 0.5492957746478874, 71, 32, 39, 30) (120, 120, 10, 2.0, 8, 4.0)
CHRW (4642.492949654998, -845.8817224680008, 0.6666666666666666, 33, 14, 19, 6) (200, 120, 16, 4.0, 8, 5.0)
META (4638.337330263005, -1540.5978466750046, 0.6666666666666666, 78, 38, 40, 14) (60, 120, 16, 4.0, 8, 2.0)
META (4508.180031238999, -1575.7989607989991, 0.5692307692307692, 65, 32, 33, 27) (80, 120, 16, 2.0, 8, 3.0)
CHRW (4482.088126443004, -1.6572330290000004, 0.8260869565217391, 23, 12, 11, 3) (120, 120, 24, 4.0, 8, 2.0)
CHRW (4467.291545426997, -845.8817224680008, 0.6666666666666666, 33, 14, 19, 6) (200, 120, 16, 4.0, 8, 4.0)
CHRW (4458.514331440996, -845.8817224680008, 0.6666666666666666, 33, 14, 19, 6) (200, 120, 16, 4.0, 8, 3.0)
UAL (4300.6844138310025, -1484.8035919410027, 0.6610169491525424, 59, 25, 34, 18) (80, 60, 10, 4.0, 8, 5.0)
UAL (4274.040104065005, -1722.1238546630038, 0.49295774647887325, 71, 32, 39, 36) (120, 120, 10, 2.0, 8, 3.0)
META (4271.201238984996, -1405.648960799001, 0.5538461538461539, 65, 32, 33, 28) (80, 120, 16, 2.0, 8, 4.0)
UAL (4057.632159680009, -1355.0744673490049, 0.4714285714285714, 70, 32, 38, 37) (120, 120, 10, 2.0, 8, 5.0)
NXPI (3858.627434461004, -3789.8432848299944, 0.6511627906976745, 43, 18, 25, 12) (150, 80, 10, 4.0, 8, 3.0)
NXPI (3790.4085805599984, -2765.8748162619936, 0.5964912280701754, 57, 26, 31, 20) (150, 120, 10, 4.0, 8, 5.0)
NXPI (3753.489542388002, -3292.8209297179983, 0.543859649122807, 57, 26, 31, 25) (150, 120, 10, 3.0, 8, 5.0)
NXPI (3734.5771861069993, -2805.3972702259957, 0.6101694915254238, 59, 26, 33, 20) (150, 120, 10, 4.0, 8, 4.0)
NXPI (3493.770559908998, -4961.788532079992, 0.627906976744186, 43, 18, 25, 13) (150, 80, 10, 4.0, 8, 5.0)
