SIVB (14630.18692976899, -493.56785845900083, 0.7659574468085106, 47, 21, 26, 10) (120, 120, 16, 3.0, 8, 5.0)
ALGN (12938.32200592398, -1.668166176, 0.7758620689655172, 58, 25, 33, 10) (120, 80, 10, 4.0, 8, 3.0)
LW (11871.847368757011, -1.6577755299999999, 0.7402597402597403, 77, 41, 36, 14) (120, 120, 10, 3.0, 8, 5.0)
WELL (10811.482140373006, -1.7242324960000004, 0.78, 100, 59, 41, 8) (80, 120, 10, 4.0, 8, 3.0)
DXCM (10596.400647368991, -783.3847850272485, 0.7102803738317757, 107, 58, 49, 22) (60, 120, 10, 4.0, 8, 5.0)
EXPE (10583.320283174997, -1650.2707002920022, 0.7142857142857143, 77, 35, 42, 19) (80, 80, 10, 3.0, 8, 2.0)
NCLH (10333.263231181983, -483.6373737619998, 0.6724137931034483, 116, 45, 71, 36) (60, 120, 10, 3.0, 8, 2.0)
WBD (10313.01846699, -5.227040000000001, 0.6896551724137931, 29, 10, 19, 8) (150, 60, 10, 2.0, 8, 3.0)
PFE (10309.594468736983, -10.5546, 0.7916666666666666, 48, 23, 25, 4) (150, 80, 10, 4.0, 8, 3.0)
NVDA (10286.583232947258, -661.0869945975006, 0.673469387755102, 49, 23, 26, 13) (200, 120, 10, 4.0, 8, 5.0)
MPWR (9914.119908540993, -406.295168525, 0.6538461538461539, 78, 50, 28, 25) (80, 80, 10, 3.0, 8, 4.0)
HAL (9673.963154045, -383.8772061010018, 0.7419354838709677, 31, 17, 14, 7) (200, 120, 16, 4.0, 8, 5.0)
DPZ (9650.722862932009, -1.82, 0.8285714285714286, 35, 20, 15, 4) (200, 120, 16, 4.0, 8, 5.0)
NRG (9403.49786954501, -480.4942929879986, 0.7572815533980582, 103, 56, 47, 22) (60, 120, 10, 3.0, 8, 5.0)
AOS (9241.961966162, -5.65425, 0.8936170212765957, 47, 25, 22, 3) (120, 120, 16, 4.0, 8, 2.0)
SO (9127.388680469987, -189.34941527499927, 0.7413793103448276, 116, 66, 50, 4) (60, 120, 10, 4.0, 8, 2.0)
DOV (9067.869686005011, -3.22, 0.8360655737704918, 61, 32, 29, 6) (150, 120, 10, 4.0, 8, 5.0)
ISRG (9067.160620523828, -749.1791992534286, 0.7662337662337663, 77, 42, 35, 12) (80, 80, 10, 4.0, 8, 5.0)
AVGO (8942.974086934017, -1.653407584, 0.7571428571428571, 70, 43, 27, 9) (120, 120, 10, 4.0, 8, 4.0)
CBOE (8848.677320263994, -1.6568668579999999, 0.7857142857142857, 70, 38, 32, 6) (120, 120, 10, 4.0, 8, 4.0)
GM (8790.482496845016, -298.6630754099976, 0.6575342465753424, 73, 36, 37, 25) (120, 120, 10, 2.0, 8, 2.0)
CZR (8705.289335704001, -1.6572850119999996, 0.7441860465116279, 43, 19, 24, 11) (150, 80, 10, 4.0, 8, 5.0)
CF (8699.583552950005, -978.1497299959999, 0.7169811320754716, 53, 27, 26, 13) (150, 120, 10, 4.0, 8, 4.0)
STLD (8678.764580915016, -685.3898139819956, 0.6885245901639344, 61, 36, 25, 13) (80, 120, 16, 4.0, 8, 5.0)
XEL (8651.499853897029, -6.00607, 0.7410714285714286, 112, 59, 53, 5) (60, 120, 10, 4.0, 8, 3.0)
KEY (8602.019648634994, -18.14386, 0.696078431372549, 102, 50, 52, 12) (60, 120, 10, 4.0, 8, 2.0)
F (8436.057788739003, -1511.4470598249968, 0.65, 40, 17, 23, 11) (200, 120, 16, 4.0, 8, 5.0)
VTR (8387.191370731987, -2.062775856, 0.7567567567567568, 74, 37, 37, 9) (120, 120, 10, 4.0, 8, 4.0)
TROW (8359.876787565003, -54.81664701800095, 0.7659574468085106, 47, 21, 26, 7) (150, 80, 10, 4.0, 8, 5.0)
SNPS (8333.549315225007, -2.3, 0.7142857142857143, 91, 51, 40, 16) (80, 120, 10, 4.0, 8, 3.0)
FITB (8273.273836258011, -9.876090000000001, 0.7010309278350515, 97, 50, 47, 14) (80, 120, 10, 4.0, 8, 3.0)
MCHP (8245.934864751021, -263.91650521250017, 0.7777777777777778, 63, 31, 32, 9) (150, 120, 10, 4.0, 8, 2.0)
PARA (8225.530643472, -510.6326359819981, 0.7008547008547008, 117, 46, 71, 31) (60, 120, 10, 3.0, 8, 2.0)
BA (8223.055568900005, -1415.9623287449972, 0.65625, 96, 47, 49, 20) (60, 80, 10, 4.0, 8, 3.0)
BIIB (8173.081470214989, -217.72182638299796, 0.7903225806451613, 62, 31, 31, 9) (150, 120, 10, 4.0, 8, 2.0)
WYNN (8112.5197302809975, -814.7721072009975, 0.7164179104477612, 67, 31, 36, 18) (150, 120, 10, 3.0, 8, 2.0)
PPL (8105.368263875002, -13.39429, 0.6964285714285714, 112, 59, 53, 7) (60, 120, 10, 3.0, 8, 2.0)
MRNA (8103.597976522012, -3.14, 0.7586206896551724, 29, 15, 14, 6) (80, 40, 10, 4.0, 8, 2.0)
BLK (8012.698938956023, -1.66160212, 0.7236842105263158, 76, 40, 36, 21) (120, 120, 10, 2.0, 8, 5.0)
EQT (7998.971295539983, -4.73987466, 0.7580645161290323, 62, 35, 27, 13) (60, 120, 16, 4.0, 8, 2.0)
PEAK (7998.591764771997, -11.8111, 0.75, 108, 59, 49, 8) (60, 120, 10, 4.0, 8, 4.0)
TRMB (7989.467437844001, -321.9657166770015, 0.8620689655172413, 29, 14, 15, 3) (80, 120, 24, 2.0, 8, 5.0)
RF (7928.156276071003, -17.56587, 0.8478260869565217, 46, 28, 18, 3) (80, 120, 16, 4.0, 8, 2.0)
ADP (7927.759091214008, -1331.2033070689981, 0.7457627118644068, 59, 35, 24, 4) (80, 120, 16, 4.0, 8, 5.0)
AON (7924.317266289006, -10.563986539998316, 0.8571428571428571, 35, 19, 16, 0) (80, 80, 16, 4.0, 8, 3.0)
DVA (7922.018571767997, -305.26949424700086, 0.8125, 32, 17, 15, 5) (200, 60, 10, 3.0, 8, 4.0)
ANET (7894.846386686004, -5.25217, 0.8070175438596491, 57, 33, 24, 9) (80, 60, 10, 3.0, 8, 5.0)
JCI (7891.240660710987, -1144.4143547770161, 0.7128712871287128, 101, 58, 43, 20) (80, 120, 10, 3.0, 8, 3.0)
BR (7854.284896901998, -3.08, 0.7708333333333334, 96, 55, 41, 5) (60, 80, 10, 4.0, 8, 5.0)
AME (7850.442389654019, -1.657235777, 0.7203389830508474, 118, 66, 52, 11) (60, 120, 10, 3.0, 8, 4.0)
MSCI (7845.661969918997, -1.6800000000000002, 0.8235294117647058, 34, 19, 15, 5) (80, 80, 16, 3.0, 8, 5.0)
VRTX (7716.83076999599, -252.01632539800266, 0.7532467532467533, 77, 41, 36, 7) (120, 120, 10, 4.0, 8, 2.0)
BKNG (7686.79212190002, -3117.5266785150006, 0.6756756756756757, 111, 66, 45, 30) (60, 120, 10, 3.0, 8, 5.0)
EVRG (7677.9148482050105, -6.43328, 0.8157894736842105, 76, 44, 32, 8) (120, 120, 10, 3.0, 8, 4.0)
PYPL (7625.540210774993, -1150.2127575770035, 0.6575342465753424, 73, 31, 42, 17) (120, 120, 10, 4.0, 8, 5.0)
MCO (7590.331118965006, -186.20105206199995, 0.7045454545454546, 88, 45, 43, 11) (80, 120, 10, 4.0, 8, 5.0)
JBHT (7578.408549390985, -1.6593865450000003, 0.7959183673469388, 49, 28, 21, 3) (120, 80, 10, 4.0, 8, 3.0)
IDXX (7494.554267429005, -11.772884363000854, 0.671875, 64, 34, 30, 20) (80, 120, 16, 2.0, 8, 2.0)
OXY (7453.722499898999, -3.4575116020000003, 0.7058823529411765, 34, 20, 14, 9) (200, 120, 16, 4.0, 8, 3.0)
ANSS (7442.174653481999, -1.9, 0.7254901960784313, 51, 25, 26, 10) (120, 120, 16, 4.0, 8, 5.0)
HCA (7418.27794403101, -474.67254386799806, 0.8, 65, 36, 29, 11) (150, 120, 10, 4.0, 8, 5.0)
CPRT (7343.686650605002, -1142.0129258069937, 0.723404255319149, 47, 27, 20, 8) (150, 120, 16, 4.0, 8, 5.0)
BK (7325.498200300004, -288.6948424909965, 0.7777777777777778, 54, 34, 20, 8) (120, 80, 10, 4.0, 8, 5.0)
DIS (7298.014643327976, -1356.8587202680017, 0.6788990825688074, 109, 45, 64, 19) (60, 120, 10, 3.0, 8, 5.0)
WDC (7256.116568882006, -1.8211103020000001, 0.7407407407407407, 27, 15, 12, 5) (80, 40, 10, 3.0, 8, 4.0)
SPG (7174.956091536, -3.56, 0.7596153846153846, 104, 57, 47, 14) (60, 120, 10, 4.0, 8, 4.0)
ACN (7136.974252593991, -2.12, 0.7849462365591398, 93, 62, 31, 8) (60, 80, 10, 4.0, 8, 4.0)
NTAP (7098.992050153, -5.37782, 1.0, 21, 12, 9, 0) (150, 80, 16, 4.0, 8, 4.0)
EXR (7092.608257892003, -468.22880027699927, 0.7450980392156863, 102, 67, 35, 15) (60, 120, 10, 3.0, 8, 5.0)
VLO (7086.167557122018, -380.8929086199972, 0.7021276595744681, 47, 28, 19, 13) (120, 120, 16, 4.0, 8, 4.0)
APD (7063.364149064987, -2.06, 0.7868852459016393, 61, 30, 31, 7) (80, 120, 16, 3.0, 8, 3.0)
GNRC (7058.338350944997, -1.9, 0.8, 35, 13, 22, 7) (200, 80, 10, 4.0, 8, 2.0)
DLR (6991.5267590920075, -299.3335100359795, 0.7247706422018348, 109, 51, 58, 13) (60, 120, 10, 4.0, 8, 4.0)
LYV (6975.204549007002, -1.6572529519999994, 0.7358490566037735, 53, 29, 24, 9) (80, 120, 16, 4.0, 8, 4.0)
AMGN (6932.40933501001, -2.3, 0.7468354430379747, 79, 40, 39, 2) (60, 80, 10, 4.0, 8, 2.0)
OGN (6928.3498630330105, -58.387009155001735, 0.7142857142857143, 56, 28, 28, 10) (80, 60, 10, 4.0, 8, 3.0)
LH (6889.599721394996, -2.24, 0.7777777777777778, 63, 34, 29, 9) (60, 120, 16, 3.0, 8, 5.0)
KHC (6886.876665594001, -9.67505, 0.7962962962962963, 54, 28, 26, 4) (120, 80, 10, 4.0, 8, 4.0)
MAR (6866.083370286013, -684.8810265609975, 0.6636363636363637, 110, 60, 50, 35) (60, 120, 10, 2.0, 8, 2.0)
PLD (6763.884111953996, -3.96, 0.7386363636363636, 88, 56, 32, 17) (80, 120, 10, 3.0, 8, 5.0)
COST (6762.475364079019, -1.9, 0.75, 72, 46, 26, 5) (60, 120, 16, 4.0, 8, 5.0)
BBWI (6761.624966554437, -7.08666, 0.8823529411764706, 17, 11, 6, 1) (120, 60, 16, 4.0, 8, 3.0)
SBNY (6729.371949879008, -2.24, 0.7446808510638298, 47, 21, 26, 11) (120, 60, 10, 4.0, 8, 3.0)
MRK (6727.093140618699, -782.9222899617021, 0.7543859649122807, 57, 32, 25, 7) (80, 120, 16, 3.0, 8, 2.0)
SWKS (6715.394796249998, -2.6, 0.8076923076923077, 26, 13, 13, 3) (150, 80, 16, 4.0, 8, 3.0)
SBAC (6679.644177880002, -2.12, 0.7714285714285715, 70, 38, 32, 7) (80, 80, 10, 4.0, 8, 3.0)
NEE (6656.798361436989, -5.00087, 0.835820895522388, 67, 44, 23, 6) (60, 60, 10, 3.0, 8, 4.0)
SPGI (6649.036092157002, -1.8599999999999999, 0.7368421052631579, 57, 31, 26, 4) (120, 80, 10, 4.0, 8, 4.0)
PAYC (6646.432030432003, -11.120478990997603, 0.676923076923077, 65, 34, 31, 20) (80, 60, 10, 3.0, 8, 4.0)
ITW (6638.317986244995, -2.3600000000000003, 0.7407407407407407, 81, 46, 35, 8) (80, 80, 10, 3.0, 8, 2.0)
REG (6606.7677463710115, -36.44910653299633, 0.74, 50, 27, 23, 7) (200, 120, 10, 4.0, 8, 4.0)
FAST (6599.663538411011, -7.96621, 0.7627118644067796, 59, 32, 27, 8) (150, 120, 10, 4.0, 8, 5.0)
AAP (6581.487327878019, -2.6799999999999997, 0.7924528301886793, 53, 34, 19, 9) (80, 120, 16, 3.0, 8, 2.0)
AAPL (6545.409253256984, -1946.7206952770152, 0.7361111111111112, 72, 45, 27, 8) (80, 80, 10, 4.0, 8, 4.0)
ZBRA (6543.3191258519955, -1.65607406, 0.7741935483870968, 31, 17, 14, 6) (120, 80, 16, 3.0, 8, 5.0)
PTC (6540.600674000998, -524.5086038610003, 0.7083333333333334, 72, 39, 33, 21) (120, 120, 10, 3.0, 8, 3.0)
MSFT (6520.603545536019, -2.2800000000000002, 0.8113207547169812, 53, 29, 24, 5) (120, 80, 10, 4.0, 8, 2.0)
RSG (6510.6666061790165, -4.02, 0.7962962962962963, 54, 29, 25, 5) (150, 120, 10, 3.0, 8, 3.0)
VTRS (6495.985213260009, -2213.922820259, 0.6964285714285714, 56, 28, 28, 8) (80, 120, 16, 4.0, 8, 5.0)
MMM (6477.5928660860145, -2.58, 0.7692307692307693, 78, 33, 45, 7) (120, 120, 10, 4.0, 8, 2.0)
AWK (6472.2827446429965, -3.14, 0.7391304347826086, 69, 40, 29, 14) (60, 120, 16, 2.0, 8, 3.0)
HON (6462.157825116005, -2.38, 0.7534246575342466, 73, 32, 41, 4) (120, 120, 10, 4.0, 8, 3.0)
IT (6453.124028042992, -2.5, 0.7272727272727273, 22, 16, 6, 6) (150, 40, 10, 2.0, 8, 4.0)
LKQ (6445.10881484701, -362.15353634799635, 0.7450980392156863, 51, 30, 21, 10) (200, 120, 10, 4.0, 8, 5.0)
O (6429.511270328006, -216.92330324499963, 0.7701149425287356, 87, 43, 44, 6) (80, 120, 10, 4.0, 8, 4.0)
GLW (6423.674590014999, -9.12219, 0.6951219512195121, 82, 39, 43, 8) (120, 120, 10, 4.0, 8, 5.0)
INCY (6420.529899762019, -1.6577796519999994, 0.8181818181818182, 66, 34, 32, 11) (60, 120, 16, 3.0, 8, 2.0)
FDS (6418.266462480958, -1.657510577, 0.7087378640776699, 103, 60, 43, 13) (60, 120, 10, 3.0, 8, 4.0)
NWSA (6417.291804170986, -14.65079, 0.7205882352941176, 68, 37, 31, 10) (60, 120, 16, 4.0, 8, 5.0)
NWS (6411.6200497469845, -355.7415931350002, 0.7045454545454546, 44, 22, 22, 8) (120, 120, 16, 4.0, 8, 4.0)
CI (6407.604660152991, -47.81249627200173, 0.7558139534883721, 86, 51, 35, 11) (80, 120, 10, 4.0, 8, 2.0)
INTU (6401.480428505995, -1252.6370217140013, 0.75, 44, 24, 20, 10) (120, 120, 16, 4.0, 8, 5.0)
PCG (6395.126308666004, -1077.634093992998, 0.6888888888888889, 45, 26, 19, 14) (200, 120, 10, 2.0, 8, 5.0)
DXC (6394.370408309002, -523.8737002220003, 0.6666666666666666, 45, 26, 19, 14) (150, 80, 10, 2.0, 8, 4.0)
WRK (6379.096234863008, -2079.963204004997, 0.7037037037037037, 108, 53, 55, 20) (60, 120, 10, 4.0, 8, 4.0)
JKHY (6368.379363811, -615.124870863008, 0.6694915254237288, 118, 62, 56, 16) (60, 120, 10, 3.0, 8, 4.0)
IEX (6332.787852078, -2.38, 0.76, 50, 20, 30, 6) (200, 120, 10, 4.0, 8, 3.0)
RHI (6329.348146325003, -744.2454470940015, 0.8, 45, 22, 23, 4) (150, 80, 10, 4.0, 8, 2.0)
L (6322.594366584019, -7.46361, 0.71, 100, 62, 38, 7) (80, 120, 10, 4.0, 8, 3.0)
QCOM (6321.30011524501, -3.2600000000000002, 0.7916666666666666, 48, 24, 24, 5) (80, 60, 10, 4.0, 8, 2.0)
ALB (6290.974876433003, -670.5328221779951, 0.6792452830188679, 53, 28, 25, 17) (150, 120, 10, 4.0, 8, 4.0)
TRV (6286.776427778007, -123.71741103400153, 0.7014925373134329, 67, 35, 32, 3) (120, 120, 10, 4.0, 8, 3.0)
SLB (6276.683575267007, -3.3906995450000004, 0.6666666666666666, 45, 24, 21, 14) (200, 120, 10, 3.0, 8, 3.0)
WM (6267.356546582034, -3.32, 0.7628865979381443, 97, 53, 44, 8) (80, 120, 10, 4.0, 8, 5.0)
ZION (6266.167016385023, -2.052713712, 0.7407407407407407, 54, 33, 21, 13) (120, 80, 10, 3.0, 8, 5.0)
CBRE (6253.536325586003, -717.1522842120014, 0.6901408450704225, 71, 42, 29, 8) (80, 80, 10, 4.0, 8, 2.0)
NDAQ (6245.469045414605, -7.7400400000000005, 0.7428571428571429, 70, 40, 30, 8) (120, 120, 10, 4.0, 8, 4.0)
SYF (6228.786488232988, -685.0600307610099, 0.6612903225806451, 62, 41, 21, 20) (60, 120, 16, 2.0, 8, 2.0)
DGX (6223.741810502013, -289.9597578769943, 0.75, 80, 44, 36, 5) (60, 80, 10, 4.0, 8, 2.0)
HLT (6209.4183348099905, -2856.1578745910047, 0.6714285714285714, 70, 41, 29, 23) (80, 80, 10, 2.0, 8, 3.0)
ADBE (6208.855748910997, -322.5577889280036, 0.7692307692307693, 65, 40, 25, 10) (120, 120, 10, 4.0, 8, 2.0)
CDW (6207.750512218997, -2.88, 0.8, 55, 33, 22, 3) (80, 60, 10, 4.0, 8, 5.0)
WTW (6191.167151339008, -341.46895799299756, 0.8333333333333334, 54, 34, 20, 5) (80, 120, 16, 4.0, 8, 5.0)
EMR (6186.9669211769915, -1.6578359860000003, 0.7142857142857143, 112, 60, 52, 11) (60, 120, 10, 4.0, 8, 2.0)
GPC (6145.766565931994, -3.6, 0.8103448275862069, 58, 30, 28, 5) (150, 120, 10, 4.0, 8, 2.0)
DTE (6141.643395222553, -3.72, 0.7922077922077922, 77, 41, 36, 7) (120, 120, 10, 4.0, 8, 2.0)
CMCSA (6127.136953675009, -6.634320000000001, 0.7228915662650602, 83, 45, 38, 4) (60, 80, 10, 4.0, 8, 5.0)
DLTR (6116.039997332995, -3.7800000000000002, 0.7540983606557377, 61, 32, 29, 9) (80, 120, 16, 4.0, 8, 5.0)
ADSK (6111.397470227007, -2.04, 0.8181818181818182, 33, 16, 17, 4) (80, 80, 16, 4.0, 8, 5.0)
AMP (6109.579257325019, -1609.4130981859946, 0.7611940298507462, 67, 41, 26, 12) (120, 120, 10, 4.0, 8, 3.0)
AVY (6075.919879477998, -605.946467482, 0.7692307692307693, 65, 28, 37, 11) (150, 120, 10, 4.0, 8, 3.0)
XRAY (6074.391816651995, -310.9949014950006, 0.6875, 48, 24, 24, 15) (150, 80, 10, 2.0, 8, 2.0)
CDNS (6058.807617510009, -1.657290737, 0.6805555555555556, 72, 41, 31, 21) (80, 120, 16, 2.0, 8, 2.0)
VRSN (6050.648202898992, -1.658224828, 0.7317073170731707, 82, 50, 32, 13) (60, 80, 10, 3.0, 8, 3.0)
BRO (6025.812872060979, -174.68707543700322, 0.7272727272727273, 44, 27, 17, 3) (120, 60, 10, 4.0, 8, 4.0)
CSGP (5999.4866347372035, -4.7, 0.6630434782608695, 92, 49, 43, 27) (60, 80, 10, 2.0, 8, 3.0)
OTIS (5987.960823909998, -5.65425, 0.6869565217391305, 115, 70, 45, 9) (60, 120, 10, 4.0, 8, 2.0)
CMS (5984.7025506949885, -6.48354, 0.75, 64, 42, 22, 7) (120, 120, 10, 3.0, 8, 3.0)
EW (5941.024756909996, -1075.8758125229986, 0.7884615384615384, 52, 27, 25, 6) (80, 60, 10, 4.0, 8, 3.0)
IRM (5936.475647058999, -10.227910000000001, 0.9142857142857143, 35, 21, 14, 0) (60, 80, 16, 4.0, 8, 3.0)
ROK (5929.644260741005, -213.88442045899765, 0.6822429906542056, 107, 60, 47, 15) (60, 120, 10, 4.0, 8, 5.0)
NUE (5880.163249314, -4.76, 0.8, 20, 12, 8, 4) (200, 120, 24, 3.0, 8, 4.0)
EQIX (5873.143769403016, -1.653708032, 0.75, 56, 32, 24, 8) (150, 120, 10, 4.0, 8, 4.0)
INVH (5866.246805784988, -34.59743442000065, 0.7654320987654321, 81, 52, 29, 9) (60, 80, 10, 4.0, 8, 4.0)
JPM (5858.871229497012, -1626.088949602006, 0.703125, 64, 31, 33, 8) (120, 120, 10, 4.0, 8, 3.0)
AAL (5858.630904890991, -100.09446330400333, 0.6853932584269663, 89, 36, 53, 25) (80, 120, 10, 4.0, 8, 3.0)
ZBH (5830.422858412126, -403.2807186421269, 0.6698113207547169, 106, 57, 49, 32) (80, 120, 10, 2.0, 8, 3.0)
GILD (5827.693090742001, -133.82573962400758, 0.7540983606557377, 61, 29, 32, 5) (150, 120, 10, 4.0, 8, 2.0)
WEC (5821.232172388989, -4.359999999999999, 0.803921568627451, 51, 33, 18, 1) (80, 120, 16, 4.0, 8, 3.0)
EXC (5789.656257283552, -316.7960430697207, 0.7746478873239436, 71, 45, 26, 5) (80, 80, 10, 4.0, 8, 5.0)
FRC (5778.6013917829905, -492.328311524001, 0.6611570247933884, 121, 66, 55, 30) (60, 120, 10, 3.0, 8, 3.0)
DHR (5777.55290094699, -2.3200000000000003, 0.8717948717948718, 39, 20, 19, 3) (120, 60, 10, 3.0, 8, 2.0)
EIX (5747.283689784012, -6.35789, 0.7758620689655172, 58, 33, 25, 5) (60, 60, 10, 3.0, 8, 2.0)
ICE (5721.636073681006, -113.4984547229993, 0.8269230769230769, 52, 29, 23, 4) (80, 120, 16, 4.0, 8, 3.0)
KIM (5701.411896293008, -168.1515204619997, 0.7571428571428571, 70, 39, 31, 9) (120, 120, 10, 4.0, 8, 2.0)
AMT (5698.532729362996, -2.34, 0.7653061224489796, 98, 55, 43, 10) (60, 120, 10, 4.0, 8, 3.0)
CSCO (5696.4244579180095, -258.85862312399865, 0.8, 35, 20, 15, 7) (200, 120, 16, 4.0, 8, 4.0)
TSCO (5690.885456308002, -2.76, 0.78, 50, 34, 16, 8) (150, 80, 10, 4.0, 8, 2.0)
AFL (5670.681608786006, -7.33796, 0.8059701492537313, 67, 40, 27, 8) (120, 120, 10, 3.0, 8, 5.0)
MU (5658.633366444994, -1.6579220900000005, 0.7692307692307693, 26, 11, 15, 4) (150, 80, 16, 4.0, 8, 3.0)
PNW (5648.043894495029, -4.78, 0.7263157894736842, 95, 51, 44, 20) (80, 120, 10, 2.0, 8, 2.0)
NOW (5645.240062602009, -495.8558218899997, 0.6578947368421053, 38, 17, 21, 13) (150, 60, 10, 3.0, 8, 5.0)
BEN (5640.299319294999, -1805.8199449899976, 0.723404255319149, 47, 23, 24, 12) (200, 120, 10, 4.0, 8, 3.0)
ETN (5603.611672958017, -1.658746719, 0.71875, 64, 42, 22, 16) (80, 120, 16, 2.0, 8, 2.0)
MSI (5592.995937652999, -2.62, 0.7272727272727273, 44, 28, 16, 4) (120, 120, 16, 4.0, 8, 3.0)
ODFL (5590.461711760993, -2.3, 0.6846846846846847, 111, 57, 54, 27) (60, 120, 10, 3.0, 8, 4.0)
EL (5590.407396860008, -579.810203431997, 0.7317073170731707, 41, 21, 20, 8) (150, 120, 16, 4.0, 8, 3.0)
MS (5589.7925729439885, -4.58, 0.7377049180327869, 61, 40, 21, 9) (60, 120, 16, 4.0, 8, 4.0)
CVX (5540.3795829690025, -545.4666854969992, 0.7323943661971831, 71, 41, 30, 13) (120, 120, 10, 4.0, 8, 2.0)
PG (5537.719999845014, -3.34, 0.7419354838709677, 93, 56, 37, 3) (60, 120, 10, 4.0, 8, 4.0)
HBAN (5502.862118958996, -23.06934, 0.7433628318584071, 113, 66, 47, 17) (60, 120, 10, 4.0, 8, 3.0)
BKR (5494.360002197005, -4.1294568720000004, 0.675, 40, 26, 14, 11) (60, 80, 16, 3.0, 8, 3.0)
ABBV (5487.710867638026, -766.0082305319984, 0.7209302325581395, 86, 52, 34, 19) (80, 120, 10, 2.0, 8, 2.0)
ES (5475.833610208997, -16.55682145900039, 0.8153846153846154, 65, 39, 26, 7) (120, 120, 10, 3.0, 8, 2.0)
PSA (5475.753423996005, -459.5821056629983, 0.6565656565656566, 99, 62, 37, 12) (60, 120, 10, 3.0, 8, 5.0)
OKE (5452.417892625011, -1056.6046340589933, 0.696969696969697, 66, 40, 26, 9) (60, 120, 16, 4.0, 8, 2.0)
PWR (5444.992044126012, -577.3405756559929, 0.6896551724137931, 58, 37, 21, 18) (150, 120, 10, 3.0, 8, 5.0)
AJG (5436.7564381900065, -3.38, 0.75, 60, 30, 30, 4) (150, 120, 10, 4.0, 8, 2.0)
CRM (5432.953297416997, -707.3409700590015, 0.660377358490566, 53, 24, 29, 14) (150, 120, 10, 3.0, 8, 3.0)
CNC (5428.993341222001, -5.90555, 0.7727272727272727, 44, 26, 18, 7) (150, 120, 16, 4.0, 8, 4.0)
TDG (5428.103010406999, -1454.5483649100038, 0.6548672566371682, 113, 70, 43, 35) (60, 120, 10, 2.0, 8, 4.0)
EFX (5427.130582388003, -2.7199999999999998, 0.7608695652173914, 46, 28, 18, 9) (120, 120, 16, 4.0, 8, 5.0)
TER (5411.060195641997, -1945.0418999869999, 0.7049180327868853, 61, 33, 28, 16) (120, 80, 10, 4.0, 8, 2.0)
BAC (5394.433921961995, -10.102260000000001, 0.7857142857142857, 42, 22, 20, 5) (150, 60, 10, 4.0, 8, 2.0)
WBA (5390.683497337008, -547.3737898209994, 0.6952380952380952, 105, 44, 61, 11) (60, 120, 10, 4.0, 8, 3.0)
ILMN (5377.686399566999, -1.76, 0.6551724137931034, 29, 16, 13, 8) (80, 120, 24, 3.0, 8, 5.0)
MAS (5371.592361808994, -6.58406, 0.6764705882352942, 68, 34, 34, 19) (80, 120, 16, 2.0, 8, 5.0)
TT (5348.913897459015, -2.84, 0.765625, 64, 39, 25, 8) (80, 60, 10, 4.0, 8, 5.0)
BIO (5333.316308549005, -1.651018198, 0.7538461538461538, 65, 31, 34, 13) (60, 120, 16, 4.0, 8, 4.0)
LNT (5329.0036944999965, -7.26257, 0.7857142857142857, 42, 28, 14, 3) (120, 120, 16, 4.0, 8, 4.0)
IVZ (5318.3896936140045, -715.5436589399964, 0.6601941747572816, 103, 54, 49, 30) (80, 120, 10, 3.0, 8, 2.0)
FRT (5316.5983641440025, -428.7139441749977, 0.7341772151898734, 79, 47, 32, 8) (60, 80, 10, 4.0, 8, 2.0)
LEN (5306.943691101001, -1500.2987517379938, 0.7333333333333333, 75, 41, 34, 15) (80, 80, 10, 4.0, 8, 5.0)
EXPD (5295.789369467006, -3.94, 0.8888888888888888, 18, 9, 9, 2) (200, 120, 24, 4.0, 8, 5.0)
TDY (5294.187446423021, -1.76, 0.7258064516129032, 62, 41, 21, 6) (80, 120, 16, 4.0, 8, 2.0)
MOS (5268.996524773996, -832.7365329160031, 0.8076923076923077, 26, 17, 9, 3) (60, 40, 10, 4.0, 8, 4.0)
CMI (5252.486204889989, -1.658298566, 0.7272727272727273, 33, 14, 19, 5) (150, 120, 16, 3.0, 8, 5.0)
GWW (5240.1330099510005, -1.665240243, 0.7735849056603774, 53, 28, 25, 4) (60, 120, 16, 4.0, 8, 5.0)
ROP (5205.775592808991, -1.74, 0.782608695652174, 46, 23, 23, 9) (120, 120, 16, 3.0, 8, 5.0)
CARR (5203.308096487999, -55.40795889900238, 0.6904761904761905, 84, 53, 31, 11) (60, 80, 10, 4.0, 8, 5.0)
CNP (5178.493208102, -1210.3833718859953, 0.6923076923076923, 91, 57, 34, 12) (80, 120, 10, 3.0, 8, 3.0)
INTC (5154.007495878002, -5.88042, 0.6621621621621622, 74, 28, 46, 13) (120, 120, 10, 4.0, 8, 5.0)
GPN (5150.2834354520055, -954.8993580789958, 0.6607142857142857, 56, 25, 31, 18) (120, 80, 10, 2.0, 8, 2.0)
GE (5107.52954398854, -858.3706010496015, 0.8, 20, 10, 10, 3) (150, 120, 24, 4.0, 8, 5.0)
MTD (5102.979831505014, -1.6652214650000001, 0.7066666666666667, 75, 45, 30, 16) (80, 80, 10, 3.0, 8, 2.0)
ABT (5101.27540228398, -232.4610222710029, 0.6936936936936937, 111, 59, 52, 27) (60, 120, 10, 2.0, 8, 4.0)
LUV (5090.63817514699, -1155.9208864800016, 0.7424242424242424, 66, 24, 42, 11) (60, 60, 10, 4.0, 8, 2.0)
AVB (5069.480295518011, -19.22728279399999, 0.78125, 64, 38, 26, 7) (60, 60, 10, 3.0, 8, 3.0)
REGN (5060.532285695016, -339.09546296700097, 0.7654320987654321, 81, 46, 35, 9) (60, 80, 10, 4.0, 8, 5.0)
APH (5052.973735653996, -136.1936978200011, 0.8235294117647058, 34, 20, 14, 3) (120, 60, 10, 4.0, 8, 5.0)
EBAY (5039.624659107006, -539.4878915349984, 0.8, 35, 18, 17, 5) (60, 80, 16, 4.0, 8, 5.0)
CTSH (5037.750200623998, -348.349916224002, 0.7083333333333334, 72, 42, 30, 19) (60, 120, 16, 2.0, 8, 3.0)
IP (5036.908742042011, -2.078281501, 0.8085106382978723, 47, 23, 24, 7) (200, 120, 10, 4.0, 8, 2.0)
HSIC (5032.884685800988, -305.08101150600095, 0.7083333333333334, 96, 53, 43, 16) (80, 120, 10, 3.0, 8, 2.0)
IFF (5020.519354428976, -418.42655373700313, 0.6981132075471698, 106, 57, 49, 13) (60, 120, 10, 4.0, 8, 4.0)
CCI (4990.600426586004, -2.8200000000000003, 0.7213114754098361, 61, 31, 30, 7) (80, 120, 16, 4.0, 8, 2.0)
NVR (4990.487730117002, -974.0308263480026, 0.6581196581196581, 117, 66, 51, 16) (60, 120, 10, 4.0, 8, 3.0)
HST (4988.191350183, -526.7740616800033, 0.78125, 32, 19, 13, 6) (150, 80, 16, 3.0, 8, 2.0)
TMO (4979.721197118999, -1.6592624270000003, 0.7413793103448276, 58, 39, 19, 11) (80, 120, 16, 3.0, 8, 2.0)
ETSY (4975.685833088999, -2.44, 0.6666666666666666, 24, 16, 8, 8) (60, 120, 24, 4.0, 8, 4.0)
APTV (4956.548660065995, -441.0764972519979, 0.7083333333333334, 24, 12, 12, 7) (80, 120, 24, 2.0, 8, 2.0)
MGM (4951.6014960069915, -1344.5677242459988, 0.7777777777777778, 27, 13, 14, 6) (150, 80, 16, 4.0, 8, 3.0)
AMZN (4943.064575873106, -504.5503377916506, 0.75, 32, 15, 17, 6) (120, 40, 10, 3.0, 8, 3.0)
AIG (4935.6057880969975, -7.84056, 0.7368421052631579, 57, 41, 16, 7) (80, 120, 16, 4.0, 8, 3.0)
QQQ (4918.2869321739945, -1.65680228, 0.75, 40, 18, 22, 7) (200, 80, 10, 3.0, 8, 5.0)
EOG (4898.916576130006, -337.99839169200004, 0.8636363636363636, 22, 14, 8, 3) (150, 80, 16, 4.0, 8, 2.0)
STX (4874.003290288002, -4.82, 0.7916666666666666, 24, 11, 13, 5) (120, 40, 10, 3.0, 8, 2.0)
MTB (4870.95035006099, -1.6568737279999999, 0.6777777777777778, 90, 46, 44, 14) (80, 120, 10, 4.0, 8, 4.0)
MET (4859.829596765991, -1.919018608, 0.7884615384615384, 52, 32, 20, 4) (120, 80, 10, 4.0, 8, 2.0)
LNC (4852.879234891007, -467.5945433929951, 0.7575757575757576, 33, 19, 14, 6) (150, 60, 10, 4.0, 8, 5.0)
NTRS (4845.183776738007, -1641.916754127996, 0.7, 50, 28, 22, 8) (120, 80, 10, 4.0, 8, 5.0)
CHRW (4829.794814845998, -1.6572330290000004, 0.8260869565217391, 23, 12, 11, 3) (120, 120, 24, 4.0, 8, 3.0)
CTAS (4822.893597362996, -6.424653331001091, 0.7428571428571429, 35, 21, 14, 6) (150, 120, 16, 3.0, 8, 4.0)
MPC (4820.648213611005, -149.16070271600253, 0.782608695652174, 23, 20, 3, 2) (60, 120, 24, 4.0, 8, 3.0)
TMUS (4815.588082210023, -737.7673236149998, 0.7027027027027027, 111, 51, 60, 26) (60, 120, 10, 2.0, 8, 2.0)
ECL (4813.637897152004, -1.65807323, 0.7288135593220338, 59, 32, 27, 10) (80, 120, 16, 4.0, 8, 4.0)
TYL (4810.042357263001, -1.7000000000000002, 0.7424242424242424, 66, 30, 36, 14) (80, 60, 10, 3.0, 8, 3.0)
WMB (4797.3037911200045, -478.1392391730011, 0.7333333333333333, 60, 30, 30, 7) (150, 120, 10, 4.0, 8, 2.0)
IR (4775.530265727002, -351.02523777199684, 0.6923076923076923, 65, 41, 24, 6) (60, 60, 10, 4.0, 8, 2.0)
UNH (4762.719317894989, -1.8399999999999999, 0.6634615384615384, 104, 62, 42, 9) (60, 120, 10, 4.0, 8, 3.0)
DFS (4745.166280010003, -2079.097269844997, 0.6666666666666666, 99, 66, 33, 22) (60, 120, 10, 4.0, 8, 3.0)
DHI (4735.3667559290025, -4.26, 0.8, 25, 12, 13, 5) (200, 80, 16, 4.0, 8, 5.0)
FDX (4730.554780675005, -2.12, 0.7377049180327869, 61, 32, 29, 8) (60, 60, 10, 4.0, 8, 3.0)
UPS (4722.128522246985, -123.60999087600094, 0.6811594202898551, 69, 35, 34, 8) (80, 80, 10, 4.0, 8, 3.0)
MRO (4704.560011548994, -34.20193, 0.8, 15, 8, 7, 3) (200, 40, 10, 4.0, 8, 5.0)
XYL (4701.635242829991, -3.92, 0.7391304347826086, 69, 34, 35, 10) (120, 120, 10, 4.0, 8, 4.0)
TPR (4691.956990985007, -1359.748587490992, 0.6521739130434783, 46, 21, 25, 15) (200, 120, 10, 3.0, 8, 3.0)
SYY (4678.493484808023, -562.4090043789906, 0.7155963302752294, 109, 61, 48, 20) (60, 120, 10, 3.0, 8, 3.0)
K (4666.654897537992, -6.13172, 0.75, 64, 33, 31, 6) (150, 120, 10, 4.0, 8, 2.0)
AMCR (4652.4671920230085, -7.263525968, 0.6923076923076923, 104, 62, 42, 10) (60, 120, 10, 4.0, 8, 3.0)
META (4638.337330263005, -1540.5978466750046, 0.6666666666666666, 78, 38, 40, 14) (60, 120, 16, 4.0, 8, 2.0)
NSC (4638.163588479994, -2.16, 0.7586206896551724, 29, 15, 14, 1) (80, 80, 16, 4.0, 8, 2.0)
CTVA (4615.363463098004, -936.4232785569931, 0.686046511627907, 86, 49, 37, 27) (80, 120, 10, 2.0, 8, 2.0)
PHM (4606.9015131849865, -7.0364, 0.7777777777777778, 27, 17, 10, 4) (120, 40, 10, 4.0, 8, 2.0)
DUK (4600.927071238013, -4.24, 0.7468354430379747, 79, 38, 41, 10) (80, 120, 10, 3.0, 8, 2.0)
TAP (4597.852033774991, -7.7651699999999995, 0.6744186046511628, 43, 19, 24, 14) (200, 120, 10, 2.0, 8, 5.0)
PEG (4597.2151312539945, -6.43328, 0.7358490566037735, 53, 33, 20, 4) (80, 120, 16, 4.0, 8, 2.0)
MA (4582.736694764999, -1.660099422, 0.7631578947368421, 38, 20, 18, 6) (150, 60, 10, 3.0, 8, 2.0)
NI (4579.069290679997, -16.108330000000002, 0.7916666666666666, 24, 14, 10, 3) (120, 80, 16, 2.0, 8, 5.0)
SJM (4572.715197937003, -3.42, 0.8709677419354839, 31, 22, 9, 1) (200, 60, 10, 4.0, 8, 2.0)
IPG (4565.794693628999, -974.3356355769982, 0.7547169811320755, 53, 34, 19, 8) (120, 80, 10, 4.0, 8, 2.0)
XOM (4562.660451872005, -680.0450704979985, 0.7551020408163265, 49, 27, 22, 10) (200, 120, 10, 4.0, 8, 2.0)
CAH (4552.350074180996, -6.48354, 0.8055555555555556, 36, 18, 18, 5) (200, 80, 10, 4.0, 8, 2.0)
CHD (4545.661442049995, -4.640000000000001, 0.7115384615384616, 104, 54, 50, 8) (60, 120, 10, 3.0, 8, 2.0)
FFIV (4508.05594290299, -388.7875520410039, 0.6904761904761905, 42, 20, 22, 5) (120, 60, 10, 4.0, 8, 2.0)
GOOG (4501.748733658654, -1.6576066424999998, 0.8888888888888888, 27, 14, 13, 3) (120, 120, 24, 4.0, 8, 3.0)
TECH (4490.933502877249, -394.26057780325175, 0.68, 25, 12, 13, 8) (80, 120, 24, 2.0, 8, 5.0)
HIG (4487.794314434991, -5.65425, 0.7435897435897436, 39, 25, 14, 4) (120, 60, 10, 4.0, 8, 5.0)
GOOGL (4469.030513665704, -3.66, 0.8518518518518519, 27, 16, 11, 3) (200, 80, 16, 4.0, 8, 2.0)
HAS (4461.060206823029, -903.4758206879914, 0.6590909090909091, 88, 44, 44, 23) (60, 80, 10, 2.0, 8, 2.0)
MTCH (4458.106449865002, -187.0730371190028, 0.7096774193548387, 31, 12, 19, 8) (120, 80, 16, 4.0, 8, 3.0)
ADI (4454.109740784006, -3.0, 0.7619047619047619, 42, 21, 21, 8) (150, 80, 10, 4.0, 8, 4.0)
KLAC (4450.366790520991, -612.4085809620037, 0.673469387755102, 49, 27, 22, 15) (150, 80, 10, 3.0, 8, 4.0)
NEM (4439.421839602003, -2054.482565946997, 0.7377049180327869, 61, 32, 29, 12) (120, 120, 10, 4.0, 8, 5.0)
AXP (4435.011427596994, -458.837361735002, 0.6705882352941176, 85, 53, 32, 18) (60, 80, 10, 3.0, 8, 2.0)
MOH (4426.177657057991, -2.2800000000000002, 0.7397260273972602, 73, 43, 30, 12) (60, 120, 16, 4.0, 8, 2.0)
HOLX (4413.0798933580145, -346.67226699000145, 0.6964285714285714, 56, 32, 24, 16) (120, 80, 10, 2.0, 8, 4.0)
MAA (4388.80274009901, -3.08, 0.6947368421052632, 95, 55, 40, 10) (80, 120, 10, 4.0, 8, 2.0)
FOX (4386.264106503007, -9.42375, 0.7857142857142857, 28, 16, 12, 5) (60, 120, 24, 3.0, 8, 5.0)
MDLZ (4379.536512097997, -6.48354, 0.7, 70, 45, 25, 4) (120, 120, 10, 4.0, 8, 2.0)
WAB (4355.003729987004, -186.9203515300012, 0.8, 35, 20, 15, 6) (120, 60, 10, 3.0, 8, 2.0)
T (4353.148516866655, -16.585800000000003, 0.7727272727272727, 22, 11, 11, 1) (200, 120, 24, 4.0, 8, 4.0)
LVS (4349.729770854999, -542.034031610998, 0.6976744186046512, 43, 20, 23, 13) (150, 60, 10, 3.0, 8, 2.0)
FTV (4315.389506476993, -5.35269, 0.7333333333333333, 45, 25, 20, 5) (150, 80, 10, 4.0, 8, 4.0)
VFC (4305.117484842993, -1.6573060799999997, 0.8333333333333334, 18, 7, 11, 2) (80, 120, 24, 4.0, 8, 4.0)
UAL (4300.6844138310025, -1484.8035919410027, 0.6610169491525424, 59, 25, 34, 18) (80, 60, 10, 4.0, 8, 5.0)
CAG (4299.862099692988, -10.17765, 0.7575757575757576, 33, 20, 13, 7) (200, 120, 16, 2.0, 8, 2.0)
FOXA (4296.436827559999, -2.7292856399999987, 0.7560975609756098, 41, 23, 18, 5) (120, 60, 10, 4.0, 8, 3.0)
VMC (4270.075769501973, -1048.7870320760067, 0.7540983606557377, 61, 36, 25, 6) (60, 60, 10, 4.0, 8, 2.0)
CME (4267.778003662025, -106.97722756899985, 0.7058823529411765, 68, 32, 36, 5) (120, 120, 10, 4.0, 8, 2.0)
WST (4259.634872506002, -2.1, 0.75, 56, 36, 20, 14) (120, 80, 10, 3.0, 8, 3.0)
EPAM (4242.543735292992, -1.8, 0.7, 40, 21, 19, 10) (120, 120, 16, 4.0, 8, 4.0)
KMI (4240.475852472006, -23.320639999999997, 0.803921568627451, 51, 24, 27, 6) (80, 60, 10, 3.0, 8, 2.0)
UDR (4240.247512493003, -8.44368, 0.6774193548387096, 93, 51, 42, 24) (80, 120, 10, 2.0, 8, 2.0)
MO (4239.480017680006, -7.58926, 0.9565217391304348, 23, 14, 9, 1) (200, 60, 10, 4.0, 8, 4.0)
MCK (4224.218341206, -2.58, 0.7307692307692307, 52, 32, 20, 5) (150, 120, 10, 4.0, 8, 2.0)
ARE (4219.857346169015, -2.7800000000000002, 0.6973684210526315, 76, 40, 36, 17) (60, 80, 10, 2.0, 8, 5.0)
WFC (4208.623502899007, -1214.83071147299, 0.7272727272727273, 44, 26, 18, 9) (150, 120, 16, 4.0, 8, 2.0)
AIZ (4187.367948586007, -3.12, 0.8409090909090909, 44, 25, 19, 6) (200, 120, 10, 4.0, 8, 2.0)
DD (4171.577226351006, -836.8454374300014, 0.6808510638297872, 94, 54, 40, 20) (80, 120, 10, 3.0, 8, 3.0)
CMA (4158.387419800013, -442.4939713199978, 0.7058823529411765, 34, 21, 13, 8) (150, 60, 10, 3.0, 8, 5.0)
CB (4130.619909911009, -2.7199999999999998, 0.7352941176470589, 68, 39, 29, 5) (80, 80, 10, 4.0, 8, 4.0)
ORLY (4109.622838835995, -1.653022177, 0.7678571428571429, 56, 44, 12, 6) (80, 120, 16, 4.0, 8, 5.0)
PRU (4102.438585985005, -4.24, 0.7142857142857143, 63, 39, 24, 9) (60, 120, 16, 4.0, 8, 5.0)
FLT (4098.08318801901, -2.04, 0.75, 32, 15, 17, 6) (60, 80, 16, 3.0, 8, 3.0)
V (4078.2023890420046, -2.3200000000000003, 0.7636363636363637, 55, 28, 27, 10) (80, 60, 10, 3.0, 8, 3.0)
PPG (4077.6904510899967, -2.98, 0.8333333333333334, 18, 9, 9, 2) (200, 80, 16, 4.0, 8, 4.0)
CINF (4070.3152036810075, -1.6583333739999997, 0.75, 28, 16, 12, 3) (150, 60, 10, 4.0, 8, 5.0)
ESS (4063.97965124598, -606.0136677080021, 0.7222222222222222, 54, 30, 24, 5) (60, 120, 16, 4.0, 8, 2.0)
TGT (4055.48033520199, -354.6741468469957, 0.6951219512195121, 82, 40, 42, 19) (80, 80, 10, 3.0, 8, 5.0)
PNR (4042.043683592012, -51.99645723999811, 0.65, 80, 39, 41, 11) (60, 80, 10, 4.0, 8, 3.0)
COF (4036.170728474025, -61.304539897998616, 0.6956521739130435, 115, 61, 54, 20) (60, 120, 10, 4.0, 8, 2.0)
MKC (4035.345559335001, -530.3346707700002, 0.7647058823529411, 51, 22, 29, 5) (120, 80, 10, 4.0, 8, 3.0)
GD (4033.7025354329867, -2.7199999999999998, 0.7647058823529411, 51, 34, 17, 2) (80, 60, 10, 4.0, 8, 4.0)
TRGP (4006.531102715992, -10.152519999999999, 0.75, 16, 12, 4, 4) (200, 80, 16, 4.0, 8, 5.0)
DAL (3999.320735365994, -999.9800324039951, 0.7142857142857143, 35, 17, 18, 9) (200, 60, 10, 3.0, 8, 2.0)
LOW (3994.9362472270036, -2.74, 0.6822429906542056, 107, 55, 52, 14) (60, 120, 10, 4.0, 8, 4.0)
VICI (3932.9407394959944, -168.26143624500114, 0.7051282051282052, 78, 41, 37, 18) (60, 60, 10, 2.0, 8, 2.0)
VOO (3929.263927550992, -1.78, 0.7962962962962963, 54, 34, 20, 1) (80, 60, 10, 4.0, 8, 3.0)
HSY (3927.80929135399, -2.92, 0.7205882352941176, 68, 51, 17, 5) (60, 120, 16, 4.0, 8, 2.0)
TXT (3926.948759591001, -244.75005505500138, 0.6666666666666666, 57, 31, 26, 18) (150, 120, 10, 2.0, 8, 5.0)
AEE (3920.689865390984, -102.83934307800507, 0.7090909090909091, 55, 33, 22, 5) (80, 120, 16, 3.0, 8, 2.0)
ATO (3916.5326548839953, -4.24, 0.8125, 32, 20, 12, 2) (150, 120, 16, 4.0, 8, 4.0)
AMAT (3895.6555711030037, -719.8544696299999, 0.8235294117647058, 17, 8, 9, 3) (80, 60, 16, 4.0, 8, 5.0)
HUM (3890.657547024, -1104.5108245160022, 0.7192982456140351, 114, 66, 48, 12) (60, 120, 10, 4.0, 8, 2.0)
KMB (3887.2862963879993, -321.5205902070025, 0.7659574468085106, 47, 22, 25, 9) (150, 80, 10, 2.0, 8, 2.0)
JNJ (3869.7972979119763, -442.02885100100696, 0.7383177570093458, 107, 54, 53, 3) (60, 120, 10, 4.0, 8, 3.0)
SHW (3860.694175715014, -314.3043310359999, 0.7, 90, 50, 40, 20) (60, 80, 10, 2.0, 8, 2.0)
NXPI (3858.627434461004, -3789.8432848299944, 0.6511627906976745, 43, 18, 25, 12) (150, 80, 10, 4.0, 8, 3.0)
CPT (3848.8766408589945, -506.0537420679993, 0.6984126984126984, 63, 35, 28, 16) (60, 120, 16, 2.0, 8, 2.0)
FIS (3841.433939817994, -2.96, 0.8214285714285714, 28, 15, 13, 5) (80, 80, 16, 3.0, 8, 5.0)
GIS (3836.8436903330085, -5.9558100000000005, 0.9047619047619048, 21, 12, 9, 0) (150, 80, 16, 4.0, 8, 2.0)
FMC (3805.9208512440046, -300.73290685699334, 0.7169811320754716, 53, 31, 22, 8) (150, 120, 10, 4.0, 8, 5.0)
VRSK (3805.466687768014, -2.66, 0.7954545454545454, 44, 27, 17, 6) (60, 80, 16, 3.0, 8, 2.0)
SRE (3802.79797311899, -3.3000000000000003, 0.7115384615384616, 52, 33, 19, 8) (120, 120, 16, 3.0, 8, 4.0)
DOW (3794.004277923998, -876.714662162, 0.875, 16, 10, 6, 2) (200, 40, 10, 4.0, 8, 4.0)
EMN (3786.978538297008, -1.65709082, 0.6923076923076923, 52, 34, 18, 9) (80, 120, 16, 4.0, 8, 5.0)
YUM (3784.4752873560005, -170.22596205799906, 0.7457627118644068, 59, 31, 28, 3) (150, 120, 10, 4.0, 8, 2.0)
SPY (3784.294191073, -1.72, 0.8695652173913043, 23, 15, 8, 0) (120, 40, 10, 3.0, 8, 4.0)
SEDG (3771.3273853179935, -2.04, 0.8181818181818182, 22, 11, 11, 4) (150, 40, 10, 4.0, 8, 2.0)
BSX (3771.216851582988, -2.662268856999999, 0.711864406779661, 59, 41, 18, 10) (60, 60, 10, 3.0, 8, 2.0)
HES (3767.4082387900144, -1.7441799959999997, 0.6630434782608695, 92, 55, 37, 24) (60, 80, 10, 4.0, 8, 5.0)
CVS (3741.8328006269858, -570.6427767430033, 0.6788990825688074, 109, 56, 53, 11) (60, 120, 10, 4.0, 8, 2.0)
PEP (3722.4561381459957, -656.9826857910014, 0.7052631578947368, 95, 52, 43, 10) (80, 120, 10, 3.0, 8, 2.0)
D (3697.7351632279942, -61.23597724999905, 0.7043478260869566, 115, 56, 59, 8) (60, 120, 10, 4.0, 8, 4.0)
PCAR (3687.278297784902, -744.955260586751, 0.6976744186046512, 43, 24, 19, 13) (150, 80, 10, 2.0, 8, 5.0)
DE (3681.3869384049976, -368.2183659800032, 0.7, 40, 27, 13, 8) (60, 80, 16, 3.0, 8, 4.0)
KDP (3672.943015038983, -11.3085, 0.7391304347826086, 69, 37, 32, 5) (80, 80, 10, 3.0, 8, 2.0)
WRB (3671.5459479640604, -7.162050000000001, 0.7833333333333333, 60, 32, 28, 6) (120, 120, 10, 4.0, 8, 2.0)
ADM (3666.6359018949834, -35.66996326800144, 0.6610169491525424, 59, 33, 26, 17) (120, 120, 10, 2.0, 8, 2.0)
GEN (3647.889580034006, -1450.7913752850056, 0.6774193548387096, 62, 24, 38, 20) (150, 120, 10, 2.0, 8, 5.0)
PKG (3631.698375443005, -605.1782916959997, 0.6875, 48, 25, 23, 7) (200, 120, 10, 4.0, 8, 5.0)
IQV (3592.94228935101, -291.9380778900009, 0.7941176470588235, 34, 18, 16, 2) (60, 40, 10, 4.0, 8, 4.0)
DRI (3580.5986893959753, -961.4588219610082, 0.6857142857142857, 105, 59, 46, 26) (80, 120, 10, 3.0, 8, 4.0)
ORCL (3580.4239982969943, -602.7874508159993, 0.8636363636363636, 22, 11, 11, 2) (200, 80, 16, 4.0, 8, 2.0)
EQR (3572.049274548988, -415.5230068660001, 0.7159090909090909, 88, 48, 40, 19) (60, 80, 10, 2.0, 8, 2.0)
C (3550.1299302609996, -1560.3849008199925, 0.7037037037037037, 54, 28, 26, 12) (80, 60, 10, 3.0, 8, 2.0)
AEP (3543.3121541389905, -4.58, 0.6585365853658537, 41, 25, 16, 5) (120, 120, 16, 3.0, 8, 5.0)
ABC (3541.34453894099, -153.38525381700222, 0.7368421052631579, 19, 13, 6, 3) (150, 120, 24, 4.0, 8, 5.0)
NKE (3539.8717379070035, -886.0799174109989, 0.6875, 32, 18, 14, 5) (150, 80, 16, 4.0, 8, 5.0)
WMT (3526.9656303569964, -81.67863061600015, 0.8484848484848485, 33, 20, 13, 3) (120, 80, 16, 3.0, 8, 2.0)
CFG (3525.708165513007, -8.51907, 0.696969696969697, 33, 16, 17, 9) (200, 80, 10, 3.0, 8, 3.0)
ZTS (3522.8897131759986, -2.9000000000000004, 0.75, 24, 15, 9, 5) (80, 120, 24, 2.0, 8, 5.0)
ALL (3515.0604244939946, -248.8338825019995, 0.7272727272727273, 22, 11, 11, 2) (120, 120, 24, 4.0, 8, 2.0)
LDOS (3514.704903237014, -212.18703753500048, 0.7142857142857143, 91, 55, 36, 20) (60, 80, 10, 2.0, 8, 2.0)
IBM (3498.3607567309978, -3.34, 0.8125, 32, 22, 10, 2) (60, 80, 16, 4.0, 8, 5.0)
CSX (3492.04613723435, -3.1447847364499992, 0.6538461538461539, 78, 34, 44, 17) (120, 120, 10, 3.0, 8, 3.0)
COP (3486.9236287880008, -613.8147158479984, 0.72, 25, 15, 10, 3) (60, 40, 10, 4.0, 8, 3.0)
KO (3481.5366577359905, -7.13692, 0.8, 40, 26, 14, 7) (200, 80, 10, 2.0, 8, 5.0)
ED (3474.637130417005, -5.25217, 0.7333333333333333, 60, 44, 16, 15) (120, 120, 10, 2.0, 8, 3.0)
MLM (3473.397265858, -1316.544683855003, 0.6724137931034483, 58, 33, 25, 13) (150, 120, 10, 4.0, 8, 5.0)
GS (3472.2046311369904, -474.9089730820018, 0.6756756756756757, 37, 18, 19, 10) (150, 60, 10, 2.0, 8, 2.0)
UNP (3458.762233976002, -111.64372311799941, 0.75, 48, 25, 23, 2) (80, 60, 10, 4.0, 8, 2.0)
STT (3455.908891833006, -676.3328912549989, 0.7435897435897436, 39, 23, 16, 8) (150, 60, 10, 4.0, 8, 4.0)
MNST (3443.836447652005, -822.9485315459968, 0.7064220183486238, 109, 59, 50, 11) (60, 120, 10, 4.0, 8, 5.0)
GRMN (3438.2480547159976, -3.16, 0.7857142857142857, 14, 5, 9, 2) (200, 120, 24, 4.0, 8, 5.0)
QRVO (3432.621986617996, -2431.8281982179997, 0.6764705882352942, 34, 15, 19, 8) (150, 120, 16, 4.0, 8, 3.0)
RL (3425.0636248709948, -3.48, 0.7142857142857143, 28, 17, 11, 6) (80, 80, 16, 4.0, 8, 2.0)
CL (3410.496437042998, -4.76, 0.8095238095238095, 21, 9, 12, 2) (200, 120, 24, 4.0, 8, 5.0)
TTWO (3410.0255246529946, -315.7683978749993, 0.725, 40, 22, 18, 6) (60, 80, 16, 4.0, 8, 5.0)
SYK (3399.9604605009945, -1.6585445120000002, 0.7377049180327869, 61, 33, 28, 13) (80, 120, 16, 3.0, 8, 2.0)
A (3391.009249661004, -3.44, 0.6666666666666666, 27, 17, 10, 4) (120, 120, 24, 4.0, 8, 3.0)
FISV (3381.068792869004, -3.42, 0.8636363636363636, 22, 14, 8, 2) (80, 120, 24, 4.0, 8, 2.0)
DISH (3353.4950198919973, -465.26332437700137, 0.7058823529411765, 17, 7, 10, 5) (120, 60, 16, 3.0, 8, 3.0)
J (3352.074180753002, -3.3000000000000003, 0.7142857142857143, 42, 23, 19, 10) (150, 120, 16, 3.0, 8, 2.0)
SBUX (3337.2609320219794, -647.4135974609992, 0.7377049180327869, 61, 36, 25, 5) (60, 60, 10, 4.0, 8, 5.0)
SEE (3333.222938919999, -338.25874788100185, 0.8421052631578947, 19, 9, 10, 2) (200, 40, 10, 3.0, 8, 2.0)
MHK (3325.2219998389933, -2.62, 0.7647058823529411, 34, 19, 15, 5) (60, 80, 16, 4.0, 8, 2.0)
TEL (3313.4767582710087, -1560.1488061039895, 0.6666666666666666, 60, 34, 26, 8) (80, 80, 10, 4.0, 8, 5.0)
OMC (3311.5671393409834, -131.98889095900097, 0.6542056074766355, 107, 59, 48, 19) (60, 120, 10, 3.0, 8, 2.0)
GL (3279.5644927009944, -4.0, 0.6862745098039216, 51, 32, 19, 4) (80, 60, 10, 4.0, 8, 4.0)
NWL (3263.0918020930044, -91.222066006993, 0.6724137931034483, 58, 33, 25, 14) (60, 60, 10, 3.0, 8, 3.0)
RTX (3253.0965879369965, -1.6565451129999995, 0.8695652173913043, 23, 17, 6, 2) (80, 120, 24, 4.0, 8, 2.0)
CMG (3251.9859346250023, -631.786369783999, 0.6601941747572816, 103, 50, 53, 23) (60, 120, 10, 3.0, 8, 3.0)
PKI (3242.3800396580004, -1.658951216, 0.6923076923076923, 26, 12, 14, 4) (80, 40, 10, 4.0, 8, 4.0)
ACGL (3198.8818670930086, -9.44888, 0.8, 30, 14, 16, 4) (200, 120, 16, 4.0, 8, 4.0)
APA (3198.8759982619945, -4.775889083999999, 0.7, 20, 12, 8, 5) (200, 80, 16, 4.0, 8, 3.0)
ETR (3168.360104782005, -4.0600000000000005, 0.8181818181818182, 22, 14, 8, 4) (120, 120, 24, 2.0, 8, 4.0)
SCHW (3127.347102107004, -1.8316485370000004, 0.6842105263157895, 57, 28, 29, 15) (150, 120, 10, 3.0, 8, 2.0)
BXP (3114.1321061139947, -3.5, 0.8095238095238095, 21, 8, 13, 3) (120, 40, 10, 3.0, 8, 2.0)
FE (3104.332208826995, -366.7285968770008, 0.78125, 32, 19, 13, 2) (200, 60, 10, 4.0, 8, 4.0)
AZO (3081.0592214989997, -39.99384034200093, 0.686046511627907, 86, 53, 33, 10) (80, 120, 10, 4.0, 8, 2.0)
LLY (3062.3323789269953, -1264.8331688530016, 0.7297297297297297, 37, 22, 15, 6) (150, 60, 10, 3.0, 8, 3.0)
HPE (3059.3382483430055, -253.9566285519988, 0.7692307692307693, 39, 24, 15, 8) (60, 80, 16, 3.0, 8, 2.0)
WY (3039.780339178998, -617.624326393001, 0.7105263157894737, 38, 23, 15, 6) (120, 120, 16, 4.0, 8, 2.0)
ROL (2992.532301915995, -1057.509045261004, 0.6744186046511628, 86, 41, 45, 10) (60, 80, 10, 4.0, 8, 4.0)
MKTX (2972.9932097679894, -1.666550352, 0.7291666666666666, 48, 22, 26, 8) (80, 60, 10, 4.0, 8, 2.0)
DG (2966.4253334740015, -74.44182699800102, 0.6842105263157895, 19, 10, 9, 4) (200, 120, 24, 4.0, 8, 4.0)
CEG (2941.0294526920025, -449.58520222599947, 0.6666666666666666, 21, 11, 10, 6) (120, 60, 10, 2.0, 8, 3.0)
GEHC (2928.832712263008, -6.68458, 1.0, 7, 7, 0, 0) (120, 80, 10, 4.0, 8, 5.0)
HPQ (2916.471395585004, -11.685450000000001, 0.7, 20, 13, 7, 6) (150, 120, 24, 4.0, 8, 5.0)
WAT (2890.712218770999, -1.8599999999999999, 0.7692307692307693, 13, 7, 6, 3) (150, 60, 16, 2.0, 8, 5.0)
PH (2868.022592525002, -595.2420447769986, 0.7777777777777778, 18, 10, 8, 4) (150, 120, 24, 4.0, 8, 3.0)
BALL (2845.7856257980097, -4.359999999999999, 0.8571428571428571, 21, 9, 12, 2) (120, 40, 10, 4.0, 8, 3.0)
MCD (2816.248301437002, -2.34, 0.6823529411764706, 85, 57, 28, 5) (80, 120, 10, 4.0, 8, 2.0)
PM (2790.503788740997, -4.38, 0.8048780487804879, 41, 24, 17, 5) (200, 120, 10, 4.0, 8, 2.0)
USB (2788.60950427999, -6.96101, 0.72, 25, 14, 11, 3) (200, 60, 10, 4.0, 8, 3.0)
BDX (2778.6938400004983, -1564.0727417006383, 0.6896551724137931, 87, 43, 44, 5) (60, 80, 10, 4.0, 8, 2.0)
CE (2771.4166927990077, -590.724930047999, 0.8181818181818182, 22, 12, 10, 3) (120, 120, 24, 4.0, 8, 2.0)
BWA (2762.3139500949987, -625.1620720050014, 0.7142857142857143, 14, 7, 7, 2) (120, 60, 16, 4.0, 8, 5.0)
VZ (2760.301114806997, -6.5086699999999995, 0.6857142857142857, 35, 10, 25, 2) (200, 80, 10, 4.0, 8, 2.0)
KEYS (2732.7974197149942, -3.08, 0.75, 12, 8, 4, 1) (80, 60, 16, 2.0, 8, 4.0)
PAYX (2686.7471849789995, -4.16, 0.7317073170731707, 41, 28, 13, 8) (60, 80, 16, 3.0, 8, 5.0)
HRL (2671.4358141040098, -184.7540288120001, 0.7272727272727273, 44, 19, 25, 8) (200, 120, 10, 2.0, 8, 4.0)
AES (2661.4597826479917, -671.2547901560006, 0.7692307692307693, 13, 4, 9, 3) (200, 60, 16, 4.0, 8, 5.0)
TXN (2647.914878995995, -2.7, 0.6724137931034483, 58, 34, 24, 9) (60, 120, 16, 4.0, 8, 5.0)
RJF (2647.7739888520023, -4.2, 1.0, 6, 3, 3, 0) (80, 80, 24, 2.0, 8, 5.0)
CPB (2642.363915217996, -493.3473057909995, 0.7105263157894737, 38, 23, 15, 5) (200, 80, 10, 4.0, 8, 5.0)
PXD (2603.1681480329976, -1635.7637001330008, 0.7272727272727273, 22, 11, 11, 6) (200, 80, 16, 4.0, 8, 4.0)
ALLE (2546.9367814259995, -239.28418523999795, 0.6739130434782609, 92, 49, 43, 17) (60, 80, 10, 3.0, 8, 2.0)
LHX (2502.499628132996, -2.56, 0.6938775510204082, 98, 58, 40, 16) (80, 120, 10, 3.0, 8, 3.0)
CLX (2487.9174224499957, -46.784282335004015, 0.8076923076923077, 26, 13, 13, 4) (120, 120, 24, 4.0, 8, 3.0)
TFC (2475.3379203880186, -534.1398513200004, 0.6627906976744186, 86, 47, 39, 21) (60, 80, 10, 3.0, 8, 4.0)
ATVI (2426.318329203999, -1308.6993886289981, 0.71, 100, 49, 51, 8) (60, 120, 10, 4.0, 8, 2.0)
CHTR (2416.147574486995, -1.662759944, 0.6666666666666666, 57, 35, 22, 17) (80, 60, 10, 2.0, 8, 2.0)
PNC (2396.9945401739933, -355.8144374690001, 0.8095238095238095, 21, 10, 11, 2) (150, 40, 10, 4.0, 8, 2.0)
TSN (2371.810172654006, -4.82, 0.7241379310344828, 29, 12, 17, 4) (200, 120, 16, 4.0, 8, 5.0)
CRL (2363.989079410002, -91.56365070499673, 0.6923076923076923, 13, 7, 6, 4) (120, 60, 16, 2.0, 8, 5.0)
HD (2356.1710357580077, -1.65838238, 0.8235294117647058, 17, 9, 8, 2) (200, 80, 16, 4.0, 8, 4.0)
ELV (2355.636659134992, -513.1609222350035, 0.8, 25, 14, 11, 1) (60, 40, 10, 4.0, 8, 3.0)
KR (2284.9908922150003, -2.7295631879999993, 0.8333333333333334, 12, 5, 7, 1) (200, 60, 16, 4.0, 8, 5.0)
STE (2278.776678885998, -2.6, 0.6956521739130435, 69, 43, 26, 18) (120, 120, 10, 3.0, 8, 3.0)
BMY (2277.827150458005, -152.6902666330021, 0.6756756756756757, 37, 23, 14, 11) (150, 120, 16, 2.0, 8, 2.0)
SNA (2273.630113703994, -2.2, 0.7368421052631579, 19, 11, 8, 3) (200, 120, 24, 4.0, 8, 3.0)
UHS (2220.9394538769943, -3.04, 0.7333333333333333, 30, 15, 15, 7) (200, 120, 16, 4.0, 8, 3.0)
MDT (2200.603044554995, -205.01623897599964, 0.671875, 64, 31, 33, 7) (120, 120, 10, 4.0, 8, 3.0)
STZ (2180.1299829760064, -215.27459990199955, 0.6517857142857143, 112, 56, 56, 31) (60, 120, 10, 2.0, 8, 2.0)
BBY (2173.233148079998, -1409.9044521929961, 0.6666666666666666, 105, 53, 52, 23) (60, 120, 10, 4.0, 8, 5.0)
ULTA (2148.325888792006, -1003.0985825420022, 0.7096774193548387, 31, 21, 10, 9) (150, 60, 10, 3.0, 8, 4.0)
TFX (2135.427999106995, -595.6128802570013, 0.6785714285714286, 28, 13, 15, 8) (200, 80, 16, 2.0, 8, 2.0)
RE (2077.5755411039963, -130.47076653499616, 0.7647058823529411, 17, 10, 7, 1) (60, 40, 10, 3.0, 8, 2.0)
PGR (2056.309750953008, -224.5017033379989, 0.6888888888888889, 45, 29, 16, 5) (120, 80, 10, 4.0, 8, 2.0)
BAX (1998.969776075998, -4.58, 0.6842105263157895, 19, 5, 14, 1) (150, 120, 24, 4.0, 8, 2.0)
PFG (1926.6403506279962, -6.25737, 0.6923076923076923, 26, 22, 4, 5) (60, 120, 24, 4.0, 8, 5.0)
MMC (1888.5954572410046, -3.54, 0.78125, 32, 21, 11, 4) (150, 120, 16, 4.0, 8, 3.0)
NOC (1839.059594372011, -1.96, 0.7142857142857143, 21, 13, 8, 4) (120, 40, 10, 3.0, 8, 5.0)
HII (1817.1817357699979, -2.46, 0.9090909090909091, 11, 8, 3, 1) (60, 60, 16, 2.0, 8, 2.0)
JNPR (1763.1427915219958, -252.104663878002, 0.717948717948718, 39, 22, 17, 5) (150, 80, 10, 4.0, 8, 3.0)
NDSN (1738.909665098002, -199.76820333800163, 0.7692307692307693, 26, 18, 8, 2) (120, 40, 10, 4.0, 8, 2.0)
COO (1718.9785191779897, -66.66688735500207, 0.7, 30, 16, 14, 8) (60, 40, 10, 2.0, 8, 4.0)
CTRA (1703.5929133699942, -877.8677980570044, 0.6875, 16, 5, 11, 5) (120, 60, 16, 3.0, 8, 2.0)
EA (1665.3314757479957, -415.28573564100054, 0.7222222222222222, 18, 9, 9, 5) (200, 80, 16, 2.0, 8, 2.0)
LMT (1586.7109535590012, -669.7101776810011, 0.7021276595744681, 47, 23, 24, 7) (120, 120, 16, 4.0, 8, 2.0)
RMD (1521.8865657279973, -1327.2242561859955, 0.660377358490566, 53, 29, 24, 17) (120, 80, 10, 2.0, 8, 2.0)
LYB (1371.8688763389985, -1.65721448, 0.7857142857142857, 14, 7, 7, 3) (150, 120, 24, 4.0, 8, 2.0)
SWK (1171.6776793789995, -2.46, 1.0, 3, 2, 1, 0) (80, 80, 24, 4.0, 8, 4.0)
URI (1034.7427579399991, -1.664096388, 1.0, 3, 2, 1, 0) (150, 80, 24, 2.0, 8, 3.0)
