WBD (9752.220166555007, -5.227040000000001, 0.6538461538461539, 26, 10, 16, 9) (120, 80, 10, 2.0, 8, 5.0)
WBD (9170.550166555007, -5.227040000000001, 0.6538461538461539, 26, 10, 16, 9) (120, 80, 10, 2.0, 8, 4.0)
WBD (9054.990410870003, -5.227040000000001, 0.7307692307692307, 26, 10, 16, 7) (120, 80, 10, 3.0, 8, 3.0)
WBD (8757.35078806101, -5.227040000000001, 0.6538461538461539, 26, 10, 16, 9) (120, 80, 10, 2.0, 8, 3.0)
WBD (8646.953122195004, -5.227040000000001, 0.625, 32, 11, 21, 12) (120, 80, 8, 2.0, 8, 3.0)
CZR (5846.856846218993, -814.7671629549999, 0.6666666666666666, 18, 7, 11, 5) (120, 80, 10, 3.0, 8, 5.0)
CZR (5846.856846218993, -814.7671629549999, 0.6666666666666666, 18, 7, 11, 5) (120, 80, 10, 3.0, 8, 5.0)
CZR (5430.6588410769955, -457.4666394610006, 0.7, 20, 8, 12, 6) (120, 80, 8, 3.0, 8, 5.0)
CZR (5430.6588410769955, -457.4666394610006, 0.7, 20, 8, 12, 6) (120, 80, 8, 3.0, 8, 5.0)
NVDA (5309.653214682007, -497.2446192309983, 0.625, 24, 13, 11, 8) (120, 80, 8, 3.0, 8, 5.0)
CZR (5229.776806143997, -306.8971629550009, 0.6111111111111112, 18, 7, 11, 7) (120, 80, 10, 2.0, 8, 5.0)
CZR (5229.776806143997, -306.8971629550009, 0.6111111111111112, 18, 7, 11, 7) (120, 80, 10, 2.0, 8, 5.0)
CZR (5204.464464657995, -457.4666394610006, 0.7, 20, 8, 12, 6) (120, 80, 8, 3.0, 8, 4.0)
CZR (5204.464464657995, -457.4666394610006, 0.7, 20, 8, 12, 6) (120, 80, 8, 3.0, 8, 4.0)
NVDA (5057.281772471499, -497.2446192309983, 0.7222222222222222, 18, 11, 7, 5) (120, 80, 10, 3.0, 8, 5.0)
SPGI (4986.783228670993, -1.8399999999999999, 0.9, 20, 12, 8, 1) (120, 80, 10, 3.0, 8, 4.0)
PYPL (4861.992115881997, -358.8293881560001, 0.7368421052631579, 19, 10, 9, 4) (80, 80, 8, 3.0, 8, 5.0)
CZR (4843.785308752, -383.0766394609994, 0.6, 20, 8, 12, 8) (120, 80, 8, 2.0, 8, 5.0)
CZR (4843.785308752, -383.0766394609994, 0.6, 20, 8, 12, 8) (120, 80, 8, 2.0, 8, 5.0)
PYPL (4816.550681654998, -358.8293881560001, 0.7368421052631579, 19, 10, 9, 4) (80, 80, 8, 3.0, 8, 4.0)
NVDA (4713.063447072508, -368.61667371849825, 0.5416666666666666, 24, 13, 11, 11) (120, 80, 8, 2.0, 8, 5.0)
SPGI (4696.436579884995, -1.8399999999999999, 0.9, 20, 12, 8, 1) (120, 80, 10, 3.0, 8, 5.0)
TSLA (4623.173146677645, -518.2551667503805, 0.7647058823529411, 17, 11, 6, 4) (60, 80, 10, 3.0, 8, 3.0)
NVDA (4595.290339410499, -497.2446192309983, 0.7222222222222222, 18, 11, 7, 5) (120, 80, 10, 3.0, 8, 4.0)
SPGI (4553.297004908995, -1.8399999999999999, 0.9, 20, 12, 8, 1) (120, 80, 10, 3.0, 8, 3.0)
SPGI (4535.790319253993, -1.8399999999999999, 0.85, 20, 12, 8, 2) (120, 80, 10, 2.0, 8, 4.0)
NVDA (4518.408421490011, -497.2446192309983, 0.625, 24, 13, 11, 8) (120, 80, 8, 3.0, 8, 4.0)
DVA (4439.903408650002, -3.7600000000000002, 0.75, 24, 16, 8, 6) (120, 80, 10, 2.0, 8, 5.0)
PYPL (4329.949926211999, -422.6308491759975, 0.7368421052631579, 19, 10, 9, 4) (80, 80, 8, 3.0, 8, 3.0)
BBWI (4318.5411952386385, -997.7668096333595, 0.7222222222222222, 18, 9, 9, 5) (80, 80, 8, 2.0, 8, 3.0)
BBWI (4300.085037318999, -5.9558100000000005, 0.8333333333333334, 12, 6, 6, 2) (80, 80, 10, 2.0, 8, 3.0)
DVA (4291.254616424002, -3.7600000000000002, 0.75, 24, 16, 8, 6) (120, 80, 10, 2.0, 8, 4.0)
BBWI (4276.558898368643, -997.7668096333595, 0.7222222222222222, 18, 9, 9, 5) (80, 80, 8, 2.0, 8, 4.0)
SPGI (4245.443670467994, -1.8399999999999999, 0.85, 20, 12, 8, 2) (120, 80, 10, 2.0, 8, 5.0)
BBWI (4235.5342212711985, -551.6301933387984, 0.7777777777777778, 18, 9, 9, 4) (80, 80, 8, 3.0, 8, 3.0)
STLD (4215.794477286993, -7.89082, 0.6818181818181818, 22, 17, 5, 7) (120, 80, 8, 2.0, 8, 4.0)
BBWI (4193.551924401203, -551.6301933387984, 0.7777777777777778, 18, 9, 9, 4) (80, 80, 8, 3.0, 8, 4.0)
DVA (4145.806005743002, -3.7600000000000002, 0.782608695652174, 23, 15, 8, 4) (120, 80, 10, 3.0, 8, 5.0)
PYPL (4079.1184410629958, -2.1, 0.631578947368421, 19, 10, 9, 7) (80, 80, 8, 2.0, 8, 5.0)
PYPL (4033.6770068359974, -2.1, 0.631578947368421, 19, 10, 9, 7) (80, 80, 8, 2.0, 8, 4.0)
DVA (3997.1572135170013, -3.7600000000000002, 0.782608695652174, 23, 15, 8, 4) (120, 80, 10, 3.0, 8, 4.0)
UAL (3967.2470939920013, -1.9800963339999997, 0.7142857142857143, 14, 4, 10, 4) (80, 40, 8, 2.0, 8, 5.0)
UAL (3952.2049954360004, -1.9800963339999997, 0.7142857142857143, 14, 4, 10, 4) (80, 40, 8, 2.0, 8, 4.0)
STLD (3817.7349884429973, -7.89082, 0.6818181818181818, 22, 17, 5, 7) (120, 80, 8, 2.0, 8, 3.0)
PWR (3800.583294017989, -4.300000000000001, 0.64, 25, 15, 10, 9) (120, 80, 8, 2.0, 8, 4.0)
PWR (3800.583294017989, -4.300000000000001, 0.64, 25, 15, 10, 9) (120, 80, 8, 2.0, 8, 4.0)
UAL (3798.5314145629986, -1.9800963339999997, 0.7142857142857143, 14, 4, 10, 4) (80, 40, 8, 2.0, 8, 3.0)
DVA (3794.6549132359996, -3.7600000000000002, 0.75, 24, 16, 8, 6) (120, 80, 10, 2.0, 8, 3.0)
STLD (3793.2291697679993, -7.539, 0.7333333333333333, 15, 11, 4, 4) (120, 80, 10, 2.0, 8, 4.0)
STLD (3770.9642909089916, -7.89082, 0.6818181818181818, 22, 17, 5, 7) (120, 80, 8, 2.0, 8, 5.0)
TSLA (3734.5400005723413, -518.2551667503805, 0.7692307692307693, 13, 7, 6, 3) (60, 60, 10, 3.0, 8, 3.0)
PWR (3725.0678341999874, -4.300000000000001, 0.64, 25, 15, 10, 9) (120, 80, 8, 2.0, 8, 3.0)
PWR (3725.0678341999874, -4.300000000000001, 0.64, 25, 15, 10, 9) (120, 80, 8, 2.0, 8, 3.0)
PWR (3719.9414473619886, -4.300000000000001, 0.64, 25, 15, 10, 9) (120, 80, 8, 2.0, 8, 5.0)
PWR (3719.9414473619886, -4.300000000000001, 0.64, 25, 15, 10, 9) (120, 80, 8, 2.0, 8, 5.0)
STLD (3708.976973657999, -7.539, 0.7333333333333333, 15, 11, 4, 4) (120, 80, 10, 2.0, 8, 3.0)
PWR (3694.411857829995, -4.300000000000001, 0.6086956521739131, 23, 13, 10, 9) (120, 80, 10, 2.0, 8, 3.0)
PWR (3694.411857829995, -4.300000000000001, 0.6086956521739131, 23, 13, 10, 9) (120, 80, 10, 2.0, 8, 3.0)
PWR (3494.5418083009936, -4.300000000000001, 0.65, 20, 11, 9, 7) (120, 60, 8, 2.0, 8, 3.0)
PWR (3494.5418083009936, -4.300000000000001, 0.65, 20, 11, 9, 7) (120, 60, 8, 2.0, 8, 3.0)
TSLA (3464.796597889342, -518.2551667503805, 0.6923076923076923, 13, 7, 6, 4) (60, 60, 10, 2.0, 8, 3.0)
UAL (3202.803402283, -1.9800963339999997, 0.7142857142857143, 14, 4, 10, 4) (80, 40, 8, 3.0, 8, 5.0)
CHRW (3199.3327637939988, -451.8522725900005, 0.64, 25, 11, 14, 5) (120, 80, 8, 3.0, 8, 5.0)
UAL (3187.761303727, -1.9800963339999997, 0.7142857142857143, 14, 4, 10, 4) (80, 40, 8, 3.0, 8, 4.0)
CHRW (3158.7818351989995, -451.8522725900005, 0.64, 25, 11, 14, 5) (120, 80, 8, 3.0, 8, 4.0)
CHRW (3063.838738203001, -411.5522725899994, 0.64, 25, 11, 14, 5) (120, 80, 8, 3.0, 8, 3.0)
TSLA (3044.842119022903, -949.3670926303708, 0.5625, 16, 10, 6, 6) (80, 60, 10, 3.0, 8, 5.0)
CHRW (3037.636537657008, -455.20652665099516, 0.6190476190476191, 21, 10, 11, 6) (120, 80, 10, 3.0, 8, 5.0)
CHRW (2985.002827600013, -340.0950846379945, 0.5714285714285714, 21, 10, 11, 9) (120, 80, 10, 2.0, 8, 5.0)
ETSY (2947.3401303920014, -1.6571508180000003, 0.4444444444444444, 27, 14, 13, 15) (120, 60, 10, 2.0, 8, 5.0)
TSLA (2931.537324289645, -1127.9270926303705, 0.625, 16, 10, 6, 5) (80, 60, 10, 3.0, 8, 3.0)
ETSY (2473.0367310079973, -424.2261830719996, 0.43333333333333335, 30, 17, 13, 17) (120, 80, 10, 2.0, 8, 5.0)
ETSY (2042.397800144004, -1.6571508180000003, 0.5185185185185185, 27, 14, 13, 13) (120, 60, 10, 2.0, 8, 3.0)
ETSY (1795.9507436819988, -1.6571508180000003, 0.4444444444444444, 27, 14, 13, 15) (120, 60, 10, 2.0, 8, 4.0)
ETSY (1763.4588745040007, -424.2261830719996, 0.5, 30, 17, 13, 15) (120, 80, 10, 2.0, 8, 3.0)
NXPI (1291.0439181299953, -1060.783609801001, 0.625, 24, 10, 14, 8) (120, 80, 8, 3.0, 8, 3.0)
NXPI (1148.8000463499975, -244.58364201000194, 0.631578947368421, 19, 7, 12, 6) (120, 80, 10, 3.0, 8, 3.0)
META (793.364314093002, -1.9, 0.6923076923076923, 13, 8, 5, 4) (60, 40, 8, 2.0, 8, 5.0)
META (793.2052106280004, -118.66540827999737, 0.6923076923076923, 13, 8, 5, 4) (60, 40, 8, 2.0, 8, 3.0)
META (717.7643140930018, -12.91540827999736, 0.6923076923076923, 13, 8, 5, 4) (60, 40, 8, 2.0, 8, 4.0)
NXPI (473.86088161799324, -1477.8240854780017, 0.5833333333333334, 24, 10, 14, 9) (120, 80, 8, 3.0, 8, 5.0)
NXPI (314.94597643799705, -1477.8240854780017, 0.5833333333333334, 24, 10, 14, 9) (120, 80, 8, 3.0, 8, 4.0)
META (294.45631054300225, -250.69488480099542, 0.6923076923076923, 13, 8, 5, 4) (60, 40, 8, 3.0, 8, 5.0)
META (294.2972070780007, -392.89398826599603, 0.6923076923076923, 13, 8, 5, 4) (60, 40, 8, 3.0, 8, 3.0)
NXPI (31.94700983799732, -1137.4966860940026, 0.5789473684210527, 19, 7, 12, 7) (120, 80, 10, 3.0, 8, 5.0)
