CZR (7324.501810296009, -478.22711486500083, 0.75, 20, 8, 12, 5) (120, 80, 8, 3.0, 8, 5.0)
CZR (7324.501810296009, -478.22711486500083, 0.75, 20, 8, 12, 5) (120, 80, 8, 3.0, 8, 5.0)
UAL (7066.8892743999995, -2.082938158, 0.7, 30, 11, 19, 8) (80, 60, 8, 2.0, 8, 3.0)
WBD (7019.893072194994, -5.227040000000001, 0.6785714285714286, 28, 11, 17, 9) (120, 60, 8, 2.0, 8, 3.0)
WBD (6989.43112429999, -100.77004161700174, 0.6666666666666666, 33, 11, 22, 11) (120, 80, 8, 2.0, 8, 3.0)
UAL (6575.687308794997, -2.082938158, 0.6571428571428571, 35, 13, 22, 11) (80, 80, 8, 2.0, 8, 3.0)
CZR (6535.1514837420145, -478.22711486500083, 0.75, 20, 8, 12, 5) (120, 80, 8, 3.0, 8, 4.0)
CZR (6535.1514837420145, -478.22711486500083, 0.75, 20, 8, 12, 5) (120, 80, 8, 3.0, 8, 4.0)
WBD (6302.269599709993, -5.227040000000001, 0.6842105263157895, 19, 8, 11, 6) (120, 40, 8, 2.0, 8, 3.0)
WBD (6151.845154825991, -5.227040000000001, 0.6296296296296297, 27, 11, 16, 9) (120, 60, 8, 3.0, 8, 5.0)
WBD (6059.298614251994, -5.227040000000001, 0.7142857142857143, 28, 11, 17, 8) (120, 60, 8, 3.0, 8, 3.0)
CZR (5985.101309260006, -315.53712746000036, 0.6666666666666666, 18, 7, 11, 6) (120, 80, 10, 2.0, 8, 5.0)
CZR (5985.101309260006, -315.53712746000036, 0.6666666666666666, 18, 7, 11, 6) (120, 80, 10, 2.0, 8, 5.0)
CZR (5867.071309260005, -905.4971274600013, 0.7222222222222222, 18, 7, 11, 5) (120, 80, 10, 3.0, 8, 5.0)
CZR (5867.071309260005, -905.4971274600013, 0.7222222222222222, 18, 7, 11, 5) (120, 80, 10, 3.0, 8, 5.0)
UAL (5861.657545020007, -5.394710897996515, 0.7, 30, 11, 19, 8) (80, 60, 8, 3.0, 8, 3.0)
CZR (5321.5346054860065, -315.53712746000036, 0.6666666666666666, 18, 7, 11, 6) (120, 80, 10, 2.0, 8, 4.0)
CZR (5321.5346054860065, -315.53712746000036, 0.6666666666666666, 18, 7, 11, 6) (120, 80, 10, 2.0, 8, 4.0)
SPGI (5136.206055447, -1.8399999999999999, 0.9, 20, 12, 8, 1) (120, 80, 10, 3.0, 8, 4.0)
UAL (5030.590880433994, -1.9800372519999998, 0.75, 16, 4, 12, 4) (80, 40, 8, 2.0, 8, 3.0)
NVDA (4977.929759884, -465.6425976050005, 0.7222222222222222, 18, 11, 7, 5) (120, 80, 10, 3.0, 8, 5.0)
PYPL (4899.828832479, -2.1, 0.631578947368421, 19, 10, 9, 7) (80, 80, 8, 2.0, 8, 5.0)
SPGI (4845.859406661, -1.8399999999999999, 0.9, 20, 12, 8, 1) (120, 80, 10, 3.0, 8, 5.0)
UAL (4837.230690265002, -5.394710897996515, 0.6571428571428571, 35, 13, 22, 11) (80, 80, 8, 3.0, 8, 3.0)
PYPL (4802.4770300200025, -2.1, 0.631578947368421, 19, 10, 9, 7) (80, 80, 8, 2.0, 8, 4.0)
NVDA (4759.984966382494, -465.6425976050005, 0.625, 24, 14, 10, 8) (120, 80, 8, 3.0, 8, 5.0)
SPGI (4747.12314603, -1.8399999999999999, 0.85, 20, 12, 8, 2) (120, 80, 10, 2.0, 8, 4.0)
SPGI (4665.008968126001, -1.8399999999999999, 0.9, 20, 12, 8, 1) (120, 80, 10, 3.0, 8, 3.0)
SPGI (4456.776497244, -1.8399999999999999, 0.85, 20, 12, 8, 2) (120, 80, 10, 2.0, 8, 5.0)
STLD (4314.139438489004, -7.91595, 0.7619047619047619, 21, 16, 5, 5) (120, 80, 8, 3.0, 8, 4.0)
NVDA (4273.701306083747, -465.6425976050005, 0.7222222222222222, 18, 11, 7, 5) (120, 80, 10, 3.0, 8, 4.0)
PYPL (4250.756891016999, -332.13046233800014, 0.6842105263157895, 19, 10, 9, 6) (80, 80, 8, 3.0, 8, 5.0)
DVA (4245.379279024997, -3.7600000000000002, 0.8095238095238095, 21, 14, 7, 3) (120, 80, 10, 3.0, 8, 4.0)
STLD (4229.185671897004, -7.91595, 0.7619047619047619, 21, 16, 5, 5) (120, 80, 8, 3.0, 8, 5.0)
DVA (4205.798372642999, -3.7600000000000002, 0.8095238095238095, 21, 14, 7, 3) (120, 80, 10, 3.0, 8, 5.0)
STLD (4205.017538906001, -7.91595, 0.7142857142857143, 21, 16, 5, 6) (120, 80, 8, 2.0, 8, 4.0)
PYPL (4153.405088558001, -332.13046233800014, 0.6842105263157895, 19, 10, 9, 6) (80, 80, 8, 3.0, 8, 4.0)
STLD (4120.063772314, -7.91595, 0.7142857142857143, 21, 16, 5, 6) (120, 80, 8, 2.0, 8, 5.0)
PYPL (4042.5286896109997, -2.1, 0.631578947368421, 19, 10, 9, 7) (80, 80, 8, 2.0, 8, 3.0)
STLD (3988.7416135590097, -7.91595, 0.7619047619047619, 21, 16, 5, 5) (120, 80, 8, 3.0, 8, 3.0)
NVDA (3905.0495869072465, -465.6425976050005, 0.625, 24, 14, 10, 8) (120, 80, 8, 3.0, 8, 4.0)
DVA (3809.7455836799986, -3.7600000000000002, 0.8095238095238095, 21, 14, 7, 3) (120, 80, 10, 3.0, 8, 3.0)
NVDA (3744.6234679629943, -337.01465209250046, 0.5416666666666666, 24, 14, 10, 11) (120, 80, 8, 2.0, 8, 5.0)
DVA (3689.5361642630046, -3.8000000000000003, 0.7272727272727273, 33, 22, 11, 8) (120, 80, 8, 3.0, 8, 4.0)
DVA (3661.1455141320052, -3.8000000000000003, 0.7272727272727273, 33, 22, 11, 8) (120, 80, 8, 3.0, 8, 5.0)
CHRW (3649.9899056169916, -135.90579813000068, 0.64, 25, 11, 14, 4) (120, 80, 8, 3.0, 8, 5.0)
CHRW (3594.8586431399926, -135.90579813000068, 0.64, 25, 11, 14, 4) (120, 80, 8, 3.0, 8, 4.0)
BBWI (3473.3422705349967, -5.9558100000000005, 0.8333333333333334, 12, 6, 6, 2) (80, 80, 10, 3.0, 8, 3.0)
BBWI (3404.232270534996, -5.9558100000000005, 0.8333333333333334, 12, 6, 6, 2) (80, 80, 10, 3.0, 8, 4.0)
CHRW (3366.4613242150003, -181.24888226599523, 0.6666666666666666, 21, 10, 11, 5) (120, 80, 10, 3.0, 8, 5.0)
PWR (3282.170574871993, -4.32, 0.6, 25, 15, 10, 10) (120, 80, 8, 2.0, 8, 4.0)
PWR (3282.170574871993, -4.32, 0.6, 25, 15, 10, 10) (120, 80, 8, 2.0, 8, 4.0)
BBWI (3201.0038199101323, -468.70377119886024, 0.7222222222222222, 18, 8, 10, 5) (80, 60, 8, 3.0, 8, 4.0)
PWR (3161.8478195439925, -4.32, 0.6, 25, 15, 10, 10) (120, 80, 8, 2.0, 8, 5.0)
PWR (3161.8478195439925, -4.32, 0.6, 25, 15, 10, 10) (120, 80, 8, 2.0, 8, 5.0)
BBWI (3159.6054696261394, -468.70377119886024, 0.6666666666666666, 18, 8, 10, 6) (80, 60, 8, 2.0, 8, 4.0)
BBWI (3134.226251915134, -468.70377119886024, 0.7, 20, 11, 9, 6) (80, 80, 8, 3.0, 8, 4.0)
CHRW (3052.3741317830004, -181.24888226599523, 0.6666666666666666, 21, 10, 11, 5) (120, 80, 10, 3.0, 8, 4.0)
PWR (3045.6326569679936, -4.32, 0.6, 25, 15, 10, 10) (120, 80, 8, 2.0, 8, 3.0)
PWR (3045.6326569679936, -4.32, 0.6, 25, 15, 10, 10) (120, 80, 8, 2.0, 8, 3.0)
PWR (2951.4772287309966, -4.32, 0.6, 20, 11, 9, 8) (120, 60, 8, 2.0, 8, 4.0)
PWR (2951.4772287309966, -4.32, 0.6, 20, 11, 9, 8) (120, 60, 8, 2.0, 8, 4.0)
PWR (2911.7963200589966, -4.32, 0.6, 20, 11, 9, 8) (120, 60, 8, 2.0, 8, 5.0)
PWR (2911.7963200589966, -4.32, 0.6, 20, 11, 9, 8) (120, 60, 8, 2.0, 8, 5.0)
ETSY (2692.1532058290027, -714.8667825940012, 0.4838709677419355, 31, 17, 14, 16) (120, 80, 10, 2.0, 8, 3.0)
ETSY (2632.7611195829973, -714.8667825940012, 0.41935483870967744, 31, 17, 14, 18) (120, 80, 10, 2.0, 8, 5.0)
TSLA (2502.3686737153066, -622.7157551329511, 0.6153846153846154, 13, 7, 6, 5) (60, 60, 10, 2.0, 8, 5.0)
TSLA (2454.9216627429596, -942.3843521311936, 0.5625, 16, 10, 6, 6) (80, 60, 10, 3.0, 8, 5.0)
CHRW (2400.3199711389875, -262.98168864000513, 0.56, 25, 11, 14, 10) (120, 80, 8, 2.0, 8, 5.0)
TSLA (2367.571093034967, -622.7157551329511, 0.6153846153846154, 13, 7, 6, 5) (60, 60, 10, 2.0, 8, 3.0)
TSLA (2352.968673715309, -622.7157551329511, 0.6153846153846154, 13, 7, 6, 5) (60, 60, 10, 2.0, 8, 4.0)
TSLA (2321.2777053885925, -893.0301521311939, 0.5625, 16, 10, 6, 6) (80, 60, 10, 3.0, 8, 4.0)
NXPI (2087.8759678599986, -118.02043415000233, 0.6842105263157895, 19, 7, 12, 5) (120, 80, 10, 3.0, 8, 3.0)
ETSY (2085.6735382800016, -321.2777503400011, 0.48148148148148145, 27, 14, 13, 14) (120, 60, 10, 2.0, 8, 3.0)
NXPI (2012.069628180997, -897.0749108860043, 0.64, 25, 11, 14, 8) (120, 80, 8, 3.0, 8, 3.0)
NXPI (1945.8409940079955, -119.9209098270035, 0.631578947368421, 19, 7, 12, 6) (120, 80, 10, 3.0, 8, 5.0)
NXPI (1865.1946543289946, -1507.6755524880023, 0.6, 25, 11, 14, 9) (120, 80, 8, 3.0, 8, 5.0)
ETSY (1845.7214520339962, -321.2777503400011, 0.4074074074074074, 27, 14, 13, 16) (120, 60, 10, 2.0, 8, 5.0)
NXPI (1762.1280261679988, -311.0209098270018, 0.631578947368421, 19, 7, 12, 6) (120, 80, 10, 3.0, 8, 4.0)
ETSY (1655.6947730770025, -714.8667825940012, 0.41935483870967744, 31, 17, 14, 18) (120, 80, 10, 2.0, 8, 4.0)
META (1338.3412443920015, -1.9, 0.7272727272727273, 11, 7, 4, 3) (60, 40, 8, 2.0, 8, 4.0)
META (1230.7887814970027, -1.9, 0.7272727272727273, 11, 7, 4, 3) (60, 40, 8, 2.0, 8, 5.0)
META (1170.0391215620004, -1.9, 0.7272727272727273, 11, 7, 4, 3) (60, 40, 8, 2.0, 8, 3.0)
META (902.7946917860012, -1.9, 0.7272727272727273, 11, 7, 4, 3) (60, 40, 8, 3.0, 8, 4.0)
META (795.2422288910017, -1.9, 0.7272727272727273, 11, 7, 4, 3) (60, 40, 8, 3.0, 8, 5.0)
