('WBD', 6803.800887386998, -1274.143103269003, 208, 4439.7191126129965, '40, 16, 0.2, 1.0, 4, 5, 0.5')
('WBD', 5454.485384507989, -1274.143103269003, 195, 3894.744615491998, '40, 10, 0.2, 1.0, 4, 5, 0.5')
('WBD', 4816.385842469993, -1274.143103269003, 179, 3896.814157529999, '40, 16, 0.2, 1.0, 4, 8, 0.5')
('WBD', 4414.8312049619835, -1274.143103269003, 155, 3168.2087950379996, '40, 16, 0.4, 1.0, 4, 8, 0.5')
('WBD', 4330.837798563998, -3006.3926051939948, 155, 2921.382201436001, '40, 16, 0.2, 1.0, 8, 5, 0.3')
('TXN', 1954.8795011969921, -5.42296185, 26, 149.58049880299998, '20, 16, 0.2, 1.0, 4, 8, 0.5')
('TXN', 1922.4128393589972, -58.544218165000494, 22, 126.51716064100003, '40, 10, 0.2, 1.0, 4, 8, 0.5')
('TXN', 1704.8843970939974, -5.42296185, 17, 97.38560290599999, '20, 10, 0.2, 1.0, 4, 8, 0.5')
('PYPL', 1642.3862186759998, -4.8601598059999995, 6, 48.503781324, '20, 10, 0.2, 1.0, 4, 8, 0.5')
('QCOM', 1598.4151030860041, -6.623360539, 11, 72.61489691399998, '30, 10, 0.2, 1.0, 4, 8, 0.5')
('NXPI', 1573.7373762500006, -78.91778589200162, 26, 145.56262375000006, '20, 16, 0.2, 1.0, 4, 8, 0.5')
('TXN', 1542.2815476189976, -5.422238897, 17, 97.37845238099999, '20, 10, 0.2, 1.0, 4, 8, 0.3')
('PYPL', 1541.8939174550012, -4.860866729, 6, 48.50608254500001, '20, 10, 0.2, 1.0, 4, 8, 0.2')
('PYPL', 1541.8939174550012, -4.860866729, 6, 48.50608254500001, '20, 10, 0.2, 1.0, 4, 8, 0.3')
('QCOM', 1488.4833854570043, -22.166045756998233, 13, 87.226614543, '20, 16, 0.2, 1.0, 4, 8, 0.5')
('QCOM', 1482.4897893850034, -6.701691129, 17, 112.270210615, '30, 16, 0.2, 1.0, 4, 8, 0.5')
('NXPI', 1467.6016315499996, -78.74970974900161, 17, 95.97836845000003, '20, 10, 0.2, 1.0, 4, 8, 0.5')
('QCOM', 1462.0069841349998, -6.70171609, 17, 112.27301586499999, '30, 16, 0.2, 1.0, 4, 8, 0.3')
('QCOM', 1459.9726276960027, -22.166045756998233, 13, 87.22737230399999, '20, 16, 0.2, 1.0, 4, 8, 0.3')
('NXPI', 1282.9064560640027, -203.08225432500237, 25, 137.97354393600006, '30, 16, 0.2, 1.0, 4, 8, 0.5')
('CCL', 1267.0049053320015, -519.0003430329972, 9, 510.685094668, '20, 10, 0.2, 1.0, 4, 8, 0.2')
('CCL', 1267.0049053320015, -519.0003430329972, 9, 510.685094668, '20, 16, 0.4, 1.0, 4, 8, 0.2')
('TXN', 1255.0117341759944, -5.422238897, 26, 149.57826582399994, '20, 16, 0.2, 1.0, 4, 8, 0.3')
('GWW', 1254.6606093339992, -112.75713412200002, 22, 77.46939066600001, '20, 10, 0.2, 1.0, 4, 8, 0.2')
('GWW', 1248.2960691640048, -3.9049152200000004, 54, 190.62393083600003, '40, 16, 0.2, 1.0, 4, 8, 0.2')
('NXPI', 1219.3357277569985, -78.74970974900161, 17, 94.20427224300002, '20, 16, 0.3, 1.0, 4, 8, 0.5')
('CCL', 1178.0625823559997, -607.942666008999, 9, 510.68741764399994, '20, 10, 0.2, 1.0, 4, 5, 0.2')
('CCL', 1178.0625823559997, -607.942666008999, 9, 510.68741764399994, '20, 16, 0.4, 1.0, 4, 5, 0.2')
('NXPI', 1145.8962598470011, -119.99630243000018, 26, 145.55374015300006, '20, 16, 0.2, 1.0, 4, 8, 0.2')
('GWW', 1145.8843639190002, -15.08391862499953, 43, 150.66563608100003, '40, 10, 0.2, 1.0, 4, 8, 0.2')
('GWW', 1144.2000492969967, -3.9049152200000004, 50, 176.06995070300005, '30, 16, 0.2, 1.0, 4, 8, 0.2')
('GWW', 1128.2339621729927, -3.816047653, 40, 140.616037827, '20, 16, 0.2, 1.0, 4, 8, 0.2')
('CCL', 1077.324889302002, -607.942666008999, 9, 510.68511069799996, '20, 10, 0.2, 1.0, 4, 5, 0.3')
('GEHC', 1048.2645640880019, -13.774171685999999, 5, 63.545435911999995, '40, 16, 0.2, 1.0, 4, 5, 0.2')
('GEHC', 1048.2645640880019, -13.774171685999999, 5, 63.545435911999995, '40, 16, 0.2, 1.0, 4, 5, 0.3')
('GEHC', 1048.2645640880019, -13.774171685999999, 5, 63.545435911999995, '40, 16, 0.2, 1.0, 4, 5, 0.5')
('GEHC', 1048.2645640880019, -13.774171685999999, 5, 63.545435911999995, '40, 16, 0.2, 1.0, 4, 8, 0.2')
('GEHC', 1048.2645640880019, -13.774171685999999, 5, 63.545435911999995, '40, 16, 0.2, 1.0, 4, 8, 0.3')
('NFLX', 1036.0577235519922, -179.1532767169994, 21, 90.45227644799998, '40, 16, 0.3, 1.0, 4, 5, 0.2')
('NFLX', 934.1975889869974, -179.1532767169994, 29, 120.662411013, '30, 16, 0.2, 1.0, 4, 8, 0.2')
('NFLX', 899.0071009009936, -179.1532767169994, 21, 90.452899099, '40, 16, 0.3, 1.0, 4, 8, 0.2')
('NFLX', 891.7155755809928, -3.495749037, 16, 65.75442441899999, '40, 16, 0.4, 1.0, 4, 5, 0.2')
('NFLX', 891.0496286899976, -179.1532767169994, 29, 120.66037130999997, '30, 16, 0.2, 1.0, 4, 5, 0.2')
('GOOGL', 877.5717533774017, -269.598331524598, 8, 66.4792466226, '30, 10, 0.2, 1.0, 4, 8, 0.2')
('GOOGL', 854.3652219600028, -279.68456249399725, 8, 66.47977804, '30, 10, 0.2, 1.0, 4, 8, 0.3')
('GOOGL', 822.6670014601023, -186.22962403189922, 4, 31.6674985399, '20, 10, 0.2, 1.0, 4, 8, 0.2')
('GOOGL', 812.580770490703, -196.31585500129844, 4, 31.6677295093, '20, 10, 0.2, 1.0, 4, 8, 0.3')
('GOOGL', 812.580770490703, -196.31585500129844, 4, 31.6677295093, '20, 10, 0.2, 1.0, 4, 8, 0.5')
('PYPL', 314.80281572700187, -4.8601598059999995, 4, 27.887184273, '20, 16, 0.4, 1.0, 4, 8, 0.5')
('PYPL', 292.92746209799895, -4.579682112, 5, 39.732537902, '40, 16, 0.2, 1.0, 8, 5, 0.3')
