('WBD', 4186.779528543998, -2575.817274477003, 129, 2380.2604714559993, '20, 10, 0.3, 1.0, 4, 5, 0.5')
('WBD', 4056.5165455899987, -2706.0802574310032, 129, 2380.263454409999, '20, 10, 0.3, 1.0, 4, 5, 0.3')
('WBD', 3922.479615106001, -2706.0802574310032, 129, 2380.2603848939993, '20, 10, 0.3, 1.0, 4, 5, 0.2')
('WBD', 3914.0316245509994, -3350.8781631210036, 116, 2124.8483754490003, '20, 10, 0.3, 1.0, 4, 8, 0.5')
('WBD', 3783.768641597, -3481.1411460750037, 116, 2124.851358403, '20, 10, 0.3, 1.0, 4, 8, 0.3')
('CCL', 1267.0049053320015, -519.0003430329972, 9, 510.685094668, '20, 10, 0.1, 1.0, 4, 8, 0.2')
('CCL', 1267.0049053320015, -519.0003430329972, 9, 510.685094668, '20, 10, 0.2, 1.0, 4, 8, 0.2')
('CCL', 1178.0625823559997, -607.942666008999, 9, 510.68741764399994, '20, 10, 0.1, 1.0, 4, 5, 0.2')
('CCL', 1178.0625823559997, -607.942666008999, 9, 510.68741764399994, '20, 10, 0.2, 1.0, 4, 5, 0.2')
('CCL', 1077.324889302002, -607.942666008999, 9, 510.68511069799996, '20, 10, 0.1, 1.0, 4, 5, 0.3')
('MRNA', 620.3246986010031, -5.866392728, 5, 28.585301399000002, '20, 10, 0.1, 1.0, 4, 5, 0.2')
('MRNA', 620.3246986010031, -5.866392728, 5, 28.585301399000002, '20, 10, 0.1, 1.0, 4, 5, 0.3')
('MRNA', 620.3246986010031, -5.866392728, 5, 28.585301399000002, '20, 10, 0.1, 1.0, 4, 8, 0.2')
('MRNA', 620.3246986010031, -5.866392728, 5, 28.585301399000002, '20, 10, 0.1, 1.0, 4, 8, 0.3')
('MRNA', 620.3246986010031, -5.866392728, 5, 28.585301399000002, '20, 10, 0.2, 1.0, 4, 5, 0.2')
('ENPH', 436.2989485400011, -6.257595006, 3, 16.26105146, '20, 8, 0.1, 1.0, 4, 8, 0.5')
('ENPH', 436.2989485400011, -6.257595006, 3, 16.26105146, '20, 8, 0.2, 1.0, 4, 8, 0.5')
('ENPH', 436.2989485400011, -6.257595006, 3, 16.26105146, '20, 10, 0.3, 1.0, 4, 8, 0.5')
('MRO', 393.18668964899945, -61.458113792000006, 5, 184.813310351, '20, 8, 0.1, 1.0, 4, 5, 0.5')
('MRO', 393.18668964899945, -61.458113792000006, 5, 184.813310351, '20, 8, 0.1, 1.0, 4, 8, 0.5')
('MRO', 393.18668964899945, -61.458113792000006, 5, 184.813310351, '20, 8, 0.2, 1.0, 4, 5, 0.5')
('MRO', 393.18668964899945, -61.458113792000006, 5, 184.813310351, '20, 8, 0.2, 1.0, 4, 8, 0.5')
('MRO', 393.18668964899945, -61.458113792000006, 5, 184.813310351, '20, 10, 0.3, 1.0, 4, 5, 0.5')
('ENPH', 354.95708585399984, -6.259457692, 3, 16.262914146, '20, 8, 0.1, 1.0, 4, 5, 0.5')
('ENPH', 354.95708585399984, -6.259457692, 3, 16.262914146, '20, 8, 0.2, 1.0, 4, 5, 0.5')
('META', 338.2361958030026, -4.421366636, 5, 26.583804197, '20, 8, 0.1, 1.0, 4, 5, 0.2')
('META', 338.2361958030026, -4.421366636, 5, 26.583804197, '20, 8, 0.1, 1.0, 4, 5, 0.3')
('META', 338.2361958030026, -4.421366636, 5, 26.583804197, '20, 8, 0.2, 1.0, 4, 5, 0.2')
('META', 338.2361958030026, -4.421366636, 5, 26.583804197, '20, 8, 0.2, 1.0, 4, 5, 0.3')
('META', 338.2361958030026, -4.421366636, 5, 26.583804197, '20, 10, 0.3, 1.0, 4, 5, 0.2')
('AMD', 195.61908561799987, -12.500914382, 1, 12.500914382, '12, 10, 0.1, 1.0, 4, 5, 0.3')
('AMD', 195.61908561799987, -12.500914382, 1, 12.500914382, '12, 10, 0.1, 1.0, 4, 5, 0.5')
('AMD', 195.61908561799987, -12.500914382, 1, 12.500914382, '12, 10, 0.1, 1.0, 4, 8, 0.3')
('AMD', 195.61908561799987, -12.500914382, 1, 12.500914382, '12, 10, 0.1, 1.0, 4, 8, 0.5')
('AMD', 195.61908561799987, -12.500914382, 1, 12.500914382, '12, 10, 0.2, 1.0, 4, 5, 0.3')
('EPAM', 194.36666766399958, -3.659520896, 2, 7.963332336000001, '20, 5, 0.1, 1.0, 4, 5, 0.3')
('EPAM', 194.36666766399958, -3.659520896, 2, 7.963332336000001, '20, 5, 0.1, 1.0, 4, 5, 0.5')
('EPAM', 194.36666766399958, -3.659520896, 2, 7.963332336000001, '20, 5, 0.1, 1.0, 4, 8, 0.3')
('EPAM', 194.36666766399958, -3.659520896, 2, 7.963332336000001, '20, 5, 0.1, 1.0, 4, 8, 0.5')
('EPAM', 194.36666766399958, -3.659520896, 2, 7.963332336000001, '20, 5, 0.2, 1.0, 4, 5, 0.3')
('ALGN', 98.57586204200175, -3.385760688, 2, 7.124137958, '20, 10, 0.1, 1.0, 8, 5, 0.5')
('ALGN', 98.57586204200175, -3.385760688, 2, 7.124137958, '20, 10, 0.2, 1.0, 8, 5, 0.5')
('NUE', 92.085318131, -7.664681869000001, 1, 7.664681869000001, '20, 10, 0.1, 1.0, 8, 5, 0.5')
('NUE', 92.085318131, -7.664681869000001, 1, 7.664681869000001, '20, 10, 0.1, 1.0, 8, 8, 0.5')
('NUE', 92.085318131, -7.664681869000001, 1, 7.664681869000001, '20, 10, 0.2, 1.0, 8, 5, 0.5')
('NUE', 92.085318131, -7.664681869000001, 1, 7.664681869000001, '20, 10, 0.2, 1.0, 8, 8, 0.5')
('CF', 67.08989700000006, -12.910103, 1, 12.910103, '12, 8, 0.1, 1.0, 4, 5, 0.3')
('CF', 67.08989700000006, -12.910103, 1, 12.910103, '12, 8, 0.1, 1.0, 4, 5, 0.5')
('CF', 67.08989700000006, -12.910103, 1, 12.910103, '12, 8, 0.1, 1.0, 4, 8, 0.3')
('CF', 67.08989700000006, -12.910103, 1, 12.910103, '12, 8, 0.1, 1.0, 4, 8, 0.5')
('CF', 67.08989700000006, -12.910103, 1, 12.910103, '12, 8, 0.2, 1.0, 4, 5, 0.3')
('HES', 64.31701477100584, -377.90563823699785, 20, 169.81298522899996, '20, 10, 0.1, 1.0, 4, 5, 0.3')
('HES', 64.31701477100584, -377.90563823699785, 20, 169.81298522899996, '20, 10, 0.2, 1.0, 4, 5, 0.3')
('NUE', 54.84617092699985, -7.6638290730000005, 1, 7.6638290730000005, '20, 10, 0.1, 1.0, 8, 5, 0.2')
('HES', 40.91846024000082, -6.461539760000001, 1, 6.461539760000001, '20, 5, 0.1, 1.0, 4, 5, 0.2')
('HES', 40.91846024000082, -6.461539760000001, 1, 6.461539760000001, '20, 5, 0.1, 1.0, 4, 5, 0.3')
('HES', 40.91846024000082, -6.461539760000001, 1, 6.461539760000001, '20, 5, 0.1, 1.0, 4, 8, 0.2')
('ALGN', 19.827665417001754, -3.385760688, 2, 7.122334583000001, '20, 10, 0.1, 1.0, 8, 8, 0.5')
('ALGN', 19.827665417001754, -3.385760688, 2, 7.122334583000001, '20, 10, 0.2, 1.0, 8, 8, 0.5')
('ALGN', 0, 0, 0, 0, '12, 5, 0.1, 1.0, 4, 5, 0.2')
