average_window_list = [4, 9, 12, 20]
crossing_window_list = [3, 5, 8, 10]
crossing_threshold_list = [.1, .2, .3]
stop_loss_list = [1.0, 1.5, 2.0, 2.5]
rsi_list = [4, 8, 12]
purge_list = [5, 10, 15]
sell_rsi_list = [4, 8, 12]

Testing with 4716 bots over S&P500-Symbols.csv 
Completed in 26688.482972621918
('MRNA', 39834.07830637098, -596.4135516850004, 171, 994.6816936289988, '9, 8, 0.1, 1.0, 4, 10, 8')
('MRNA', 39834.07830637098, -596.4135516850004, 171, 994.6816936289988, '9, 8, 0.2, 1.0, 4, 10, 8')
('MRNA', 35760.880140509, -4660.088374101005, 45, 285.4098594909999, '12, 5, 0.2, 1.0, 4, 10, 12')
('MRNA', 35760.880140509, -4660.088374101005, 45, 285.4098594909999, '12, 5, 0.3, 1.0, 4, 10, 12')
('F', 35642.341524189986, -540.3271366819994, 19, 1043.06847581, '9, 5, 0.1, 2.5, 12, 10, 12')
('EPAM', 35571.72493741601, -492.1975902620022, 61, 249.7550625840001, '9, 5, 0.2, 1.0, 4, 10, 12')
('EPAM', 35571.72493741601, -492.1975902620022, 61, 249.7550625840001, '9, 5, 0.3, 1.0, 4, 10, 12')
('EPAM', 35072.17606305901, -492.19599733800226, 64, 261.01393694100005, '9, 3, 0.1, 1.0, 4, 10, 12')
('EPAM', 35072.17606305901, -492.19599733800226, 64, 261.01393694100005, '9, 3, 0.2, 1.0, 4, 10, 12')
('EPAM', 35072.17606305901, -492.19599733800226, 64, 261.01393694100005, '9, 3, 0.3, 1.0, 4, 10, 12')
('MRNA', 34450.62745423996, -3771.0961606960027, 207, 1210.68254576, '9, 8, 0.1, 1.0, 4, 5, 8')
('WBD', 33351.396900131986, -975.6526727459996, 220, 7810.063099868004, '4, 10, 0.1, 2.5, 4, 15, 4')
('WBD', 33175.42424291001, -975.6301025059995, 182, 5221.115757090003, '20, 3, 0.1, 2.5, 12, 15, 8')
('WBD', 33175.42424291001, -975.6301025059995, 182, 5221.115757090003, '20, 3, 0.2, 2.5, 12, 15, 8')
('WBD', 33175.42424291001, -975.6301025059995, 182, 5221.115757090003, '20, 3, 0.3, 2.5, 12, 15, 8')
('WBD', 32749.564608821012, -975.2831583699996, 193, 5519.205391179002, '20, 3, 0.1, 2.5, 12, 10, 8')
('NVDA', 32029.387110851774, -188.21010286674797, 30, 185.92538914825, '4, 8, 0.3, 2.0, 4, 5, 8')
('F', 31850.308833747975, -643.2111156120004, 70, 3739.251166252, '9, 8, 0.1, 1.5, 8, 10, 8')
('F', 31850.308833747975, -643.2111156120004, 70, 3739.251166252, '9, 8, 0.2, 1.5, 8, 10, 8')
('F', 31588.128237800003, -1308.309787415999, 84, 4587.251762200001, '9, 8, 0.1, 1.0, 8, 10, 8')
('F', 31588.128237800003, -1308.309787415999, 84, 4587.251762200001, '9, 8, 0.2, 1.0, 8, 10, 8')
('META', 31314.976875103992, -849.1699202939999, 20, 118.90312489600002, '20, 8, 0.3, 2.5, 8, 15, 8')
('AMD', 31190.343012325997, -9.268886192, 136, 1226.4669876740002, '9, 5, 0.2, 2.0, 4, 15, 4')
('AMD', 31190.343012325997, -9.268886192, 136, 1226.4669876740002, '9, 5, 0.3, 2.0, 4, 15, 4')
('META', 30882.524749818996, -849.1699202939999, 21, 125.85525018100002, '20, 8, 0.3, 2.5, 8, 10, 8')

average_window_list = [40, 60, 80]
crossing_window_list = [40, 60, 80, 100]
crossing_threshold_list = [.3]
stop_loss_list = [1.0, 2.0, 2.5, 3.0]
rsi_list = [8, 12, 24, 36]
purge_list = [10, 15, 25, 35]
sell_rsi_list = [8, 12, 24]
short list of stocks

('WBD', 33306.115790135, -4455.9839195130035, 90, 2349.8242098650007, '80, 60, 0.3, 2.0, 8, 35, 12')
('WBD', 32466.954224690006, -1915.822727934004, 70, 1248.41577531, '60, 100, 0.3, 2.0, 36, 25, 24')
('WBD', 32298.290308150015, -1560.1045821750065, 67, 1196.3196918499998, '60, 100, 0.3, 2.5, 36, 25, 24')
('META', 32140.715723853005, -4.875052831, 41, 214.064276147, '40, 60, 0.3, 1.0, 8, 15, 12')
('WBD', 31964.08568867801, -1560.1045821750065, 65, 1161.2843113220001, '60, 100, 0.3, 3.0, 36, 25, 24')
('WBD', 31918.35170927301, -1149.0870770780011, 64, 1154.2582907270005, '40, 100, 0.3, 2.0, 36, 25, 24')
('META', 31829.322627508005, -444.9696817119985, 27, 146.70737249200005, '60, 100, 0.3, 2.0, 8, 35, 12')
('MRNA', 31024.359211609008, -820.7027121169997, 72, 394.59078839100016, '60, 60, 0.3, 2.0, 8, 35, 12')
('MRNA', 30849.742916142008, -820.7027121169997, 72, 394.3870838580001, '60, 60, 0.3, 2.0, 8, 25, 12')
('CCL', 30661.640630148988, -526.1843350789999, 74, 3494.789369851, '60, 60, 0.3, 3.0, 8, 10, 8')
('MRNA', 29953.088252696012, -1253.6468894930065, 63, 351.771747304, '60, 60, 0.3, 3.0, 8, 15, 12')
('META', 29403.146841675996, -4.838127268, 35, 186.88315832400002, '80, 60, 0.3, 2.5, 8, 35, 12')
('META', 28958.278521627988, -4.838127268, 36, 190.891478372, '80, 60, 0.3, 2.5, 8, 25, 12')
('META', 28944.25080593099, -4.838127268, 36, 189.059194069, '80, 60, 0.3, 3.0, 8, 25, 12')
('MRNA', 28905.739180759003, -997.3586666030005, 69, 378.830819241, '60, 60, 0.3, 2.5, 8, 25, 12')
('MRNA', 28683.892036293008, -2819.654961359001, 84, 478.2679637069999, '40, 80, 0.3, 1.0, 8, 35, 12')
('AMD', 27720.034784638996, -798.0531210810002, 46, 428.43521536099996, '80, 40, 0.3, 2.5, 8, 25, 12')
('AMD', 27047.247513541995, -1368.8551690929978, 41, 389.3524864579999, '60, 100, 0.3, 2.5, 8, 15, 12')
('AMD', 27029.975289722992, -1336.6255457979994, 41, 389.35471027699987, '60, 100, 0.3, 2.5, 8, 10, 12')
('ALGN', 26581.320759818005, -3.514270786, 64, 258.2092401820001, '40, 100, 0.3, 2.0, 8, 10, 8')
('CCL', 25238.82820671601, -526.1843350789999, 85, 4006.581793284001, '40, 40, 0.3, 3.0, 8, 10, 8')
('AMD', 24892.642440775, -837.3242743229962, 51, 473.13755922499996, '80, 40, 0.3, 2.5, 8, 15, 12')
('CCL', 24442.03258678901, -1515.8401912219997, 94, 4368.507413210999, '80, 40, 0.3, 3.0, 8, 10, 8')
('ALGN', 24099.257646075006, -2348.273754633994, 59, 233.98235392499996, '40, 80, 0.3, 2.5, 8, 35, 8')
('AMD', 23718.16128114299, -798.0531210810002, 58, 536.4887188570001, '80, 60, 0.3, 2.5, 8, 15, 12')